kSec_B	rel_flux_T1_d(mag)	rel_flux_err_T1_d(mag)
0	-0.001037409	0.001326199
0.292463994	0.008538896	0.001512315
0.543455994	-0.006003915	0.001625735
0.597455983	0.005772682	0.001806414
0.624499208	0.001581838	0.001507819
0.651456012	0.003445235	0.001668414
0.678499196	0.009284375	0.001701809
0.705456001	0.002990966	0.001498768
0.732499185	0.006256055	0.001437653
0.759455989	0.011135213	0.00148053
0.786499214	0.006745527	0.001444081
0.840499203	-0.005406112	0.001553317
0.867456007	0.001221457	0.001465663
0.894499192	0.008919288	0.001702385
0.921455996	0.006102364	0.001494485
0.94849918	0.003079129	0.00152704
1.002499209	0.0025111	0.001449724
1.083456002	0.002960153	0.001399433
1.164412795	-0.003033241	0.001549935
1.19145598	-0.006849224	0.001669983
1.218412784	0.006907242	0.001634831
1.245456009	-0.003010522	0.001813953
1.272412813	0.002735586	0.002145037
1.299455997	0.017031722	0.001836845
1.327449609	-0.005384734	0.002025287
1.354406413	-0.000966429	0.002138118
1.381449598	0.011983349	0.00208465
1.408406402	-0.00294342	0.001963674
1.435449587	-0.006952702	0.001691636
1.462406391	0.010058588	0.001587793
1.51640638	-0.002705598	0.001635097
1.70536319	-0.007564508	0.001685431
1.732406415	-0.002815575	0.001970587
1.759363179	0.003377438	0.001796243
1.786406404	-0.002064308	0.001919328
1.813363208	0.017168018	0.001899666
1.840406393	0.000433493	0.001794006
2.137363181	-0.007992342	0.001564224
2.164319985	-0.004736577	0.001409411
2.218406394	0.007034668	0.001542742
2.245363198	8.00481E-05	0.001588235
2.272320002	-0.005607459	0.001496407
2.299363187	0.002665661	0.001485057
2.326319991	-0.003930713	0.001494101
2.519856016	-0.004468956	0.001594909
2.543875198	0.001221212	0.00158658
2.567807999	-0.000616555	0.00160351
2.591827181	0.002403932	0.001599059
2.615846403	-0.00211383	0.001627117
2.639865585	0.008716866	0.001688641
2.663798386	-0.005431209	0.001746535
2.687817608	0.001097501	0.001885361
2.71183679	-0.015867043	0.00212439
2.735856012	0.018237986	0.002219654
2.759788813	-0.013488478	0.002033309
2.783807994	0.005733431	0.001898574
2.807827216	-0.011345545	0.001986169
2.831846398	-0.000914855	0.00210249
2.855779199	0.011217046	0.002079152
2.879798381	0.033734245	0.002043414
2.903817603	-0.00875238	0.001931232
2.927836785	-0.023575779	0.001855954
2.951856007	0.004639532	0.001900496
2.975788808	0.016415108	0.001873006
2.99980799	0.01736338	0.002011421
3.023827212	0.003875248	0.002093256
3.047846393	0.006536327	0.002201279
3.071779194	-0.013420036	0.002314089
3.095798416	0.010223211	0.002123355
3.119817598	-0.016482488	0.001880013
3.14383678	-0.017364888	0.001924924
3.167769581	-0.010296181	0.002228464
3.191788803	0.000594996	0.002000046
3.215807985	-0.014570007	0.001956041
3.239740786	0.017729876	0.001751742
3.263760008	0.000562101	0.001800977
3.28777919	-0.011839874	0.001987104
3.311798412	0.001503966	0.002090745
3.335731213	-0.022592371	0.001832503
3.359750395	-0.009957864	0.001761048
3.383769616	-0.017420886	0.001700868
3.407788798	-0.000872347	0.001717898
3.43180798	0.004700101	0.001645335
3.455740781	0.000975681	0.001658096
3.479760003	0.001460829	0.001756861
3.503779185	-0.017886961	0.001969275
3.527798407	0.004185789	0.001965121
3.551731208	-0.016031441	0.002110331
3.57575039	0.020887417	0.002095679
3.599769612	0.009041934	0.001956365
3.623788793	-0.003563388	0.001972053
3.647721595	0.004723264	0.001907482
3.671740817	0.003296811	0.002037675
3.695759998	-0.011729486	0.002066047
3.71977918	-0.000666706	0.001938332
3.743711981	0.000902382	0.00200663
3.767731203	-0.020879923	0.001793376
3.792700812	-0.009500965	0.001925447
3.816719994	-0.002261289	0.001741518
3.840739216	-0.009074635	0.001752474
3.864758398	0.003582473	0.001625774
3.888777579	-0.003537399	0.001600759
3.912710381	-0.0064939	0.001597962
3.936729603	0.006048332	0.001579624
3.960748784	-0.004492804	0.001637908
3.984768006	-0.005150403	0.001703262
4.008700807	-0.000596526	0.00169614
4.032719989	0.001627582	0.001756631
4.056739211	0.00518881	0.001736719
4.080758393	-0.019536506	0.001740462
4.104691194	0.00389918	0.001717511
4.128710416	0.004532308	0.00163146
4.152729598	0.000928493	0.001636882
4.176748779	0.005010159	0.001588236
4.200681581	0.001941742	0.001592729
4.224700803	-0.000179594	0.001830747
4.248719984	-0.001284034	0.001675855
4.272739206	-0.014906462	0.001956731
4.296672007	0.025999323	0.001821915
4.320691189	0.009344111	0.001948827
4.344710411	-0.005225846	0.001789223
4.368729593	0.002533562	0.001662886
4.392662394	-0.007388691	0.001728303
4.416681616	0.010966275	0.001699355
4.440700798	0.002707982	0.001691023
4.464719979	0.003654553	0.001767578
4.488739201	-0.00754873	0.001750066
4.512672003	-0.001270365	0.001853985
4.536691184	-0.004535507	0.001723783
4.560710406	0.017804537	0.001751719
4.584643207	0.00711537	0.001726615
4.608662389	-0.007233645	0.00169225
4.632681611	-0.003786079	0.001644037
4.656700793	-0.004357176	0.001637757
4.680720015	0.001468755	0.001643218
4.704652816	0.006080445	0.001650416
4.728671998	-0.00187246	0.001683932
4.75269118	-0.003142921	0.001671628
4.776623981	-0.012742377	0.001736873
4.800643203	0.015993094	0.001845828
4.824662384	0.001028316	0.001729225
4.848681606	-0.017813413	0.001853522
4.873651215	0.029844883	0.002057835
4.897670397	0.012875413	0.002174591
4.921689579	0.026798814	0.002341245
4.94562238	0.014455069	0.002087191
4.969641602	0.007555021	0.002093422
4.994697592	-0.011374525	0.002173344
5.018716814	-0.02024095	0.002205646
5.042649615	-0.039237163	0.002686992
5.066668797	0.059822569	0.002008601
5.090687978	0.001585201	0.002104967
5.114620779	-0.009100458	0.002161642
5.138640001	0.011353085	0.002276229
5.162659183	0.004298311	0.001922543
5.186678405	-0.0057584	0.001961881
5.210611206	0.015040831	0.002184333
5.234630388	0.003478837	0.00227861
5.25864961	-0.002590844	0.002441109
5.282668792	-0.003447152	0.002336001
5.306601593	0.002139553	0.001926382
5.330620815	-0.00273632	0.002106251
5.354639997	-0.00386455	0.002194122
5.378659178	-0.010040302	0.002343048
5.40259198	0.001099391	0.002482594
5.426611201	0.022747023	0.002189829
5.450630383	-0.010431387	0.002315172
5.474649605	0.017305331	0.001962736
5.498582406	-0.001011452	0.001810903
5.522601588	0.009499649	0.001765253
5.54662081	0.006819652	0.001925203
5.570639992	0.014283598	0.001905004
5.594572793	0.004546476	0.00198593
5.618592015	-0.002024208	0.001876776
5.642611197	0.016453345	0.001866165
5.666630378	0.000661242	0.001772573
5.6906496	0.009164774	0.00168818
5.715619209	0.007744712	0.001753994
5.739638391	0.004307987	0.001653209
5.763571192	0.005487754	0.001616006
5.787590414	-0.014974048	0.001747763
5.811609596	0.000528899	0.001658977
5.836579205	-0.000410293	0.001688897
5.860598387	0.003322017	0.001775356
5.884617609	0.03315843	0.00182392
5.908636791	-0.022690593	0.001876512
5.932569592	-0.019454255	0.0019941
5.956588814	0.019112574	0.001931567
5.980607995	-0.007217715	0.001792674
6.009551995	0.015172702	0.001868411
6.033571216	-0.023336774	0.002139382
6.057590398	0.016433943	0.001782127
6.08160958	-0.008977092	0.001838649
6.105542381	0.014905667	0.001693373
6.129561603	-0.006152133	0.001826724
6.153580785	-0.021202897	0.002135204
6.177600007	-0.010617185	0.002207915
6.201532808	0.005966776	0.001955108
6.22555199	0.007852959	0.001987045
6.249571212	-0.004337675	0.001709354
6.273590393	-0.002676482	0.00169961
6.297609615	0.001113734	0.001963872
6.321542417	0.000232144	0.001894318
6.345561598	0.012009088	0.001923172
6.36958078	0.003730021	0.001788938
6.393513581	-0.00088891	0.001639838
6.417532803	0.006572064	0.001671072
6.441551985	-0.001498853	0.001662149
6.465571207	0.015039294	0.001763409
6.489504008	0.006584968	0.001741812
6.51352319	-0.004517078	0.002067
6.537542412	0.003757805	0.001767636
6.561561593	-0.00253903	0.001685161
6.585494395	0.01056096	0.001721364
6.609513617	-0.006824	0.001770618
6.633532798	-0.0080926	0.001851568
6.65755198	-0.006052603	0.001833784
6.681571202	-0.00307225	0.001793077
6.705504003	-0.002048304	0.001734341
6.729523185	-0.014127603	0.001840262
6.753542407	-0.012004115	0.001807886
6.777561589	0.005616536	0.00177881
6.80149439	-0.009983415	0.001811718
6.825513612	0.007505701	0.001860549
6.849532793	-0.005383961	0.002161667
6.873552015	0.005823441	0.002196112
6.897484817	0.003660513	0.001838781
6.921503998	0.000153924	0.001816262
6.94552318	-0.011425247	0.001893264
6.969542402	-0.001903927	0.001919529
6.993475203	0.004556864	0.001830192
7.017494385	-0.007197694	0.001807111
7.041513607	-0.008804379	0.001831315
7.065532789	-0.003145878	0.001878913
7.08946559	0.009382664	0.001963217
7.113484812	-0.00710286	0.002000393
7.137503994	0.001932724	0.002090389
7.161523215	0.003755367	0.001810288
7.185456017	0.003729166	0.001789055
7.209475198	-0.007431337	0.001793195
7.23349438	-0.003130395	0.001736144
7.257513602	0.003714578	0.001739433
7.281532784	-0.000347953	0.001888355
7.305465585	-0.005106059	0.001968152
7.329484807	0.002740401	0.0019256
7.353503989	-0.000826198	0.001753856
7.37743679	-0.004025205	0.001744741
7.401456012	0.000739916	0.001758451
7.425475194	-0.002504487	0.001720903
7.449494416	-0.001602089	0.001648185
7.473513597	-0.001478367	0.001648001
7.497446398	-0.000962081	0.001647221
7.545484802	0.000675626	0.001644748
7.569503984	-0.000427006	0.001660665
7.617456007	0.000889431	0.001694227
7.641475189	-0.006865512	0.001670546
7.665494411	0.00307919	0.001662429
7.689427212	-0.005526872	0.001661341
7.713446394	-0.006191108	0.001648041
7.737465616	-0.006590291	0.001655813
7.762435184	-0.001542154	0.001683788
7.786454406	-0.002182482	0.00163485
7.810473588	-0.002937569	0.001643128
7.83449281	-0.005461759	0.001618332
7.858425611	-0.002968302	0.001621766
7.882444793	3.29409E-05	0.001617296
7.906464015	-0.008885001	0.001637807
7.930483197	-0.002267403	0.001635
7.954415998	-0.000308849	0.001624938
7.97843518	-0.006055812	0.001662196
8.002454402	-0.001559707	0.001619687
8.026473583	-0.007047749	0.001613561
8.050406384	-0.00077648	0.001611403
8.074425606	-0.000160397	0.001610494
8.098444788	-0.000364604	0.0016108
8.12246401	-0.000654452	0.00160411
8.146396811	-0.010384146	0.001611354
8.170415993	0.001781043	0.001600526
8.194435215	-0.000717831	0.001604215
8.218454397	-0.002807755	0.001600169
8.242387198	-0.000598305	0.001604047
8.26640638	0.003470497	0.001605152
8.290425602	-0.003414627	0.00161536
8.314444783	0.00127031	0.001608414
8.338377585	-0.004504114	0.00160269
8.362396806	-0.006178135	0.001605165
8.386415988	0.00031664	0.001609839
8.41043521	0.007941437	0.001605653
8.434368011	-0.003920387	0.001601845
8.458387193	-0.000459421	0.001611001
8.482406415	0.002079986	0.001607245
8.506425597	0.001669944	0.001600746
8.530358398	0.00400552	0.001604407
8.55437758	0.001504734	0.001600998
8.602415983	-0.0018272	0.001605924
8.626348785	0.002445761	0.001606729
8.69840641	-0.002358591	0.001606726
8.770377615	-0.00065028	0.001604215
8.794396797	0.001790157	0.001607729
8.818415979	0.005325583	0.001602511
8.84234878	-0.000641345	0.001604215
8.866368002	-0.00218062	0.001613629
8.914406405	-0.000225668	0.001603615
8.938339207	0.003465707	0.001605278
8.963395196	0.001775803	0.001607782
8.987327997	0.001180682	0.001601554
9.011347179	-0.006199625	0.001612474
9.083318384	6.70242E-05	0.001610335
9.107337606	-0.003536812	0.00161569
9.203327993	-0.005385886	0.001611305
9.323337601	-0.007184439	0.001613998
9.347356783	-0.001689056	0.00160586
9.395308806	-0.001946781	0.001606251
9.467366391	-0.0003805	0.001611075
9.659260784	-0.000495992	0.001618411
9.707299188	0.001748995	0.001607971
9.73131841	-0.004939712	0.001617906
9.779270393	0.00386505	0.001611954
9.827308796	0.001139848	0.001616013
9.875260779	0.001275226	0.001615822
9.972288014	0.007080008	0.001614309
9.996307196	-0.003232176	0.001615424
10.02032642	-0.005950134	0.001619475
10.09229758	-0.003188781	0.001615381
10.14024961	-0.005458345	0.001625928
10.18828801	0.002860912	0.001627743
10.21230719	-0.002276188	0.00162119
10.23623999	2.657E-05	0.001624884
10.26025921	0.000472495	0.001624223
10.28522878	0.000283999	0.001624511
10.35728641	-0.001209918	0.001619634
10.62123839	-0.005078745	0.001625477
10.741248	-0.000938267	0.001626454
10.76526722	0.000157619	0.001631942
10.78920002	-0.002158472	0.001628294
10.8132192	9.13254E-06	0.001625055
10.8851904	-0.002920792	0.001629462
11.21869441	-0.004649017	0.002168503
11.23968959	-0.004243928	0.002167703
11.26068481	-0.002758558	0.002157613
11.28167999	-0.000596937	0.002181826
11.30267521	-0.00089986	0.002175317
11.32367038	-0.003941442	0.002174277
11.3446656	0.000855967	0.002171822
11.36566078	-0.000923387	0.002196764
11.386656	0.001640784	0.002177379
11.40765118	-0.001436515	0.002176433
11.4286464	-0.002261306	0.002185227
11.44964162	0.002030572	0.002190835
11.4706368	0.004850698	0.002170991
11.4917184	0.001796768	0.002177108
11.51271362	0.003530183	0.002180743
11.53370879	-0.002540763	0.002178695
11.55470401	0.001403328	0.002170811
11.57569919	0.005546136	0.002176727
11.59669441	0.000563645	0.002179622
11.61768959	-0.003367907	0.002173246
11.63868481	0.000778928	0.002179207
11.65967999	-0.007043771	0.002187792
11.68067521	0.003919654	0.002187124
11.70167039	0.004314854	0.002193429
11.7226656	-0.010648526	0.002180707
11.74366078	0.001470438	0.002184974
11.764656	-0.00373846	0.002188336
11.78565118	-0.00405626	0.002174692
11.8066464	-0.006905584	0.00218041
11.82764158	-0.00464194	0.002183032
11.8486368	0.006297869	0.002182414
11.86963202	-0.005256556	0.002184285
11.8906272	0.008581227	0.002163723
11.91162242	-0.010760034	0.002188201
11.93261759	0.001766827	0.002184459
11.97469441	-0.005406089	0.002177476
11.99560321	-0.008805417	0.002191484
12.01659839	0.000937089	0.002186164
12.03767999	-0.001020351	0.002182987
12.05867521	0.004248761	0.002179531
12.07967039	0.012564624	0.002177004
12.10066561	-0.002993521	0.002194122
12.142656	0.000579912	0.002201171
12.16365118	-0.005493518	0.002192047
12.1846464	0.003395214	0.0021813
12.20564158	0.000166127	0.00218068
12.2266368	-0.002135709	0.002199582
12.24763198	-0.006665547	0.002187286
12.2686272	0.005276098	0.002191738
12.28962242	-0.002743462	0.002193703
12.3106176	-0.006830608	0.002201978
12.33161281	0.001642065	0.002199108
12.35260799	0.006331566	0.00218257
12.37360321	0.001943855	0.002184301
12.39459839	-0.001782533	0.002198946
12.41559361	-0.003773369	0.002181551
12.43658879	0.001224785	0.002185777
12.45758401	0.004069682	0.002187167
12.47857919	-0.001519782	0.002291148
12.49957441	0.004804465	0.002199887
12.52056959	0.009176502	0.002198126
12.5415648	-0.010415381	0.002216553
12.56255998	-0.003989022	0.002196348
12.58364158	0.003132666	0.002196214
12.6046368	-0.004523263	0.002383348
12.62563198	0.003669229	0.002209345
12.6466272	0.002301024	0.002261877
12.66762238	0.008270764	0.002221232
12.6886176	-0.003571632	0.002202712
12.70961282	-0.016218091	0.002221275
12.730608	-0.002888495	0.002208489
12.75160321	0.006193508	0.002204282
12.77259839	0.001099746	0.002207534
12.79359361	0.001682261	0.002199252
12.81458879	-0.003740637	0.002245991
12.83558401	-0.009046871	0.002213911
12.85657919	-0.004224148	0.002211269
12.87757441	-0.000671496	0.002211189
12.89856959	0.024871333	0.002215519
12.91956481	0.003067167	0.00221782
12.94055998	0.009097041	0.002339729
12.9615552	0.001632587	0.00220655
13.0035456	0.005697292	0.002212504
13.02454078	0.010709941	0.002209386
13.045536	0.010658944	0.002209501
13.0875264	0.001815321	0.002206246
13.1295168	-0.001048303	0.00221209
13.30257601	-0.013971528	0.002260289
13.49153282	0.007774401	0.002215623
13.53352321	0.013130276	0.002204756
13.57551361	0.007855413	0.002222578
13.59650879	0.010246755	0.002217706
13.61750401	0.008030674	0.002208105
13.65949441	-0.009036582	0.002221533
13.68048959	0.007113778	0.002224159
13.70148481	0.005004997	0.002214312
13.7434752	0.002998089	0.002225533
13.7854656	0.005854131	0.002219718