ksec_since_2459583.86275419_B	rel_flux_T1_d(mag)	_d(mag)
0.000000000	-0.024998598	0.001401239
0.298012000	0.000697018	0.001292954
0.378013000	0.003401351	0.001279738
0.439010000	-0.005882372	0.001272979
0.520007000	-0.002849680	0.001310123
0.679018000	0.005567720	0.001275022
0.706023000	-0.003582352	0.001273141
0.733020000	0.008180585	0.001269513
0.760015000	-0.004321253	0.001319822
0.787014000	-0.000738229	0.001312978
0.814024000	0.002987654	0.001305993
0.841026000	0.000245874	0.001301736
0.868025000	0.000110865	0.001296870
0.895024000	0.001379526	0.001290335
0.922027000	0.003976274	0.001287291
0.949025000	0.003256372	0.001280607
0.976029000	0.003580260	0.001277738
1.003025000	0.005658429	0.001272813
1.030025000	-0.000818652	0.001315938
1.057029000	0.000333648	0.001309518
1.084025000	0.001905218	0.001307664
1.111025000	0.000663431	0.001299075
1.138028000	0.000586746	0.001294143
1.165020000	0.001553879	0.001287972
1.192015000	0.002275094	0.001284629
1.219018000	0.002760939	0.001276515
1.246026000	0.002197151	0.001274689
1.273190000	0.008466118	0.001279959
1.300031000	0.011068182	0.001312038
1.327031000	0.006954981	0.001304472
1.354019000	0.011979612	0.001300999
1.381026000	0.009032810	0.001294526
1.408021000	0.011923563	0.001291127
1.435027000	0.007715973	0.001286118
1.462023000	0.005093729	0.001284225
1.489028000	-0.000195299	0.001277865
1.516036000	0.004857216	0.001274500
1.543031000	-0.000524167	0.001318894
1.570025000	-0.000632406	0.001313999
1.597032000	-0.004142311	0.001308122
1.624033000	0.003636400	0.001301359
1.651025000	0.001588185	0.001298799
1.678022000	0.000254317	0.001292839
1.705025000	0.000292083	0.001287772
1.732036000	0.006612572	0.001282865
1.759034000	0.003354841	0.001279184
1.786034000	0.002697620	0.001277475
1.813036000	-0.003696473	0.001325752
1.840039000	-0.000192381	0.001316461
1.867029000	-0.001933628	0.001311003
1.894031000	0.001669517	0.001306710
1.921033000	0.000012965	0.001301147
1.948040000	-0.002983741	0.001297164
1.975037000	0.000202932	0.001293413
2.002029000	-0.005526910	0.001290109
2.029033000	0.000119897	0.001283469
2.056028000	0.003334203	0.001279726
2.083043000	-0.005550665	0.001320866
2.110036000	-0.000290714	0.001314537
2.137026000	-0.000779322	0.001310104
2.164031000	-0.000716439	0.001305005
2.191029000	-0.002125147	0.001299128
2.218041000	0.002839317	0.001293256
2.245037000	-0.000622615	0.001289823
2.272044000	0.004606656	0.001283681
2.299042000	-0.003040165	0.001282627
2.326044000	0.002244697	0.001278986
2.353040000	-0.007114948	0.001328402
2.380028000	0.002286020	0.001322073
2.407039000	-0.005645381	0.001313967
2.434036000	-0.006394135	0.001309825
2.461042000	-0.002443959	0.001302583
2.488038000	-0.005344614	0.001301022
2.515038000	-0.001794083	0.001294291
2.542032000	-0.005126388	0.001290676
2.569038000	-0.005796784	0.001286427
2.596036000	-0.002057629	0.001292231
2.623034000	-0.004821046	0.001326165
2.650039000	-0.007108012	0.001318801
2.677044000	-0.003505685	0.001314494
2.704037000	0.000641617	0.001309544
2.731050000	-0.000653635	0.001306086
2.758046000	0.002946770	0.001299293
2.785034000	0.005158388	0.001296709
2.812044000	0.005650767	0.001291131
2.839043000	0.005116794	0.001286772
2.866044000	-0.007866937	0.001338102
2.893038000	-0.001142033	0.001332448
2.920047000	0.001544472	0.001324149
2.947051000	-0.001731706	0.001318040
2.974045000	-0.002900139	0.001314429
3.002044000	0.002650673	0.001310328
3.029040000	0.000995061	0.001304779
3.056045000	0.005724094	0.001299175
3.083049000	-0.004182306	0.001290745
3.110049000	-0.002032783	0.001288258
3.137041000	-0.007080830	0.001340336
3.164053000	-0.001738873	0.001331285
3.191048000	-0.004883082	0.001327556
3.218051000	-0.008313150	0.001321582
3.245044000	-0.004972378	0.001315040
3.272054000	-0.001585070	0.001308469
3.299050000	-0.002701582	0.001307335
3.326041000	-0.002464349	0.001302024
3.353055000	-0.001910693	0.001298883
3.380050000	0.004328690	0.001288981
3.407054000	-0.000385661	0.001350578
3.434050000	-0.001896919	0.001344893
3.461047000	-0.000463521	0.001335564
3.488056000	-0.000191387	0.001332760
3.515044000	0.003566488	0.001325696
3.542046000	0.000361470	0.001316981
3.569059000	0.009283485	0.001311321
3.596054000	-0.000160594	0.001307589
3.623048000	0.001819673	0.001302742
3.650056000	0.008009514	0.001295413
3.677047000	0.001938547	0.001310359
3.704058000	-0.001206540	0.001349867
3.731058000	-0.002093373	0.001340856
3.758050000	-0.000086909	0.001335915
3.785049000	-0.008385153	0.001333422
3.812060000	-0.001169305	0.001322126
3.839059000	-0.003223879	0.001322154
3.866056000	-0.005533026	0.001317376
3.893057000	-0.004039264	0.001313090
3.920056000	0.002902363	0.001304804
3.947055000	-0.002071383	0.001303223
3.974059000	-0.005674398	0.001356220
4.001048000	-0.005852228	0.001351408
4.028063000	-0.005799139	0.001346308
4.055055000	0.000760575	0.001338286
4.082056000	-0.004990303	0.001335246
4.109062000	-0.002221167	0.001329379
4.136055000	-0.002605700	0.001322279
4.163060000	-0.000402042	0.001319682
4.190064000	0.001533208	0.001312332
4.217061000	0.011590046	0.001305359
4.244054000	-0.000086349	0.001360281
4.271057000	-0.001100657	0.001353994
4.298066000	0.002502443	0.001347058
4.325059000	0.005787723	0.001340545
4.352061000	0.004803140	0.001336778
4.379062000	0.005123033	0.001331403
4.406055000	0.003246611	0.001323636
4.433068000	0.008725010	0.001319592
4.460056000	0.007235651	0.001316431
4.487060000	-0.001228641	0.001308966
4.514054000	-0.000787727	0.001372251
4.541069000	-0.008896570	0.001367216
4.568060000	0.004658627	0.001363039
4.595058000	0.002702073	0.001355424
4.622058000	-0.006006595	0.001348492
4.649059000	-0.001236481	0.001342678
4.676057000	0.001439127	0.001336924
4.703065000	-0.001303688	0.001332743
4.730060000	-0.007216170	0.001327283
4.757060000	-0.005619091	0.001322865
4.784070000	0.001959234	0.001318852
4.811060000	-0.002514366	0.001378047
4.838063000	-0.007782784	0.001372008
4.865065000	-0.006680808	0.001365587
4.892066000	-0.001923691	0.001357166
4.919060000	-0.006947413	0.001353291
4.946071000	-0.001698889	0.001349423
4.973066000	-0.004116590	0.001342291
5.000059000	-0.003396975	0.001338944
5.027071000	-0.000807240	0.001333304
5.054071000	-0.001604207	0.001329275
5.081066000	-0.001365155	0.001380170
5.108062000	-0.004996310	0.001390023
5.135073000	-0.007270609	0.001385338
5.162065000	0.005592500	0.001374216
5.189067000	0.001342871	0.001366967
5.216067000	0.000552769	0.001357866
5.243079000	0.000286388	0.001350652
5.270086000	-0.000056289	0.001348633
5.297072000	-0.001102037	0.001342374
5.324078000	0.000077520	0.001338473
5.351066000	0.000339397	0.001333154
5.378068000	-0.012823554	0.001403771
5.405071000	-0.004705945	0.001396000
5.432077000	0.000821660	0.001389030
5.459071000	-0.003789277	0.001384802
5.486067000	-0.003439327	0.001379348
5.513077000	0.005423746	0.001370797
5.540066000	0.001134767	0.001363577
5.567065000	0.003432542	0.001358265
5.594069000	0.004127157	0.001354967
5.626066000	-0.002028976	0.001350006
5.653067000	-0.000746097	0.001343415
5.680065000	0.002858486	0.001397708
5.707070000	0.003951282	0.001406612
5.734078000	0.000484296	0.001401013
5.761069000	-0.006582938	0.001394850
5.788075000	-0.001060693	0.001387902
5.815071000	-0.004196441	0.001379205
5.842073000	-0.001208306	0.001378101
5.869070000	0.006664818	0.001370817
5.896084000	0.018621955	0.001365992
5.923074000	0.004183669	0.001358915
5.950078000	0.012918640	0.001353214
5.977072000	-0.000759724	0.001434485
6.004076000	0.002214248	0.001425592
6.031075000	-0.002977988	0.001419728
6.058077000	0.004133687	0.001413148
6.085088000	0.005709139	0.001408689
6.112081000	0.004257336	0.001397961
6.139075000	0.004658257	0.001392483
6.166071000	-0.004884609	0.001389476
6.193079000	0.006891726	0.001382262
6.220079000	0.002260543	0.001378083
6.247081000	0.000980457	0.001374727
6.274079000	0.000209501	0.001368159
6.301079000	-0.004914076	0.001441655
6.328083000	-0.005541681	0.001432336
6.355081000	-0.000375379	0.001425685
6.382084000	-0.009916625	0.001422895
6.409079000	-0.007503708	0.001414724
6.436075000	-0.018525709	0.001411052
6.463083000	-0.007343473	0.001404488
6.490095000	0.003065170	0.001396353
6.517083000	0.001358229	0.001388456
6.544086000	0.002072697	0.001385131
6.571094000	0.009824102	0.001372889
6.598093000	-0.003302750	0.001446307
6.625080000	-0.001122490	0.001453830
6.652088000	-0.009261183	0.001446815
6.679088000	-0.008964145	0.001436233
6.706080000	-0.006940860	0.001433718
6.733092000	-0.011489149	0.001426928
6.760086000	-0.002119225	0.001417402
6.787092000	0.001297080	0.001413110
6.814096000	-0.001924775	0.001407182
6.841094000	0.009216199	0.001403163
6.868082000	0.004149317	0.001394540
6.895085000	0.007941665	0.001387291
6.922092000	0.000713149	0.001406976
6.949089000	-0.001699701	0.001471990
6.976084000	-0.007085001	0.001466552
7.003082000	-0.011418576	0.001457014
7.030083000	-0.001708968	0.001451939
7.057099000	0.008971846	0.001440454
7.084098000	0.009086329	0.001432831
7.111087000	0.005636788	0.001427335
7.138091000	0.009702950	0.001424722
7.165085000	0.004537916	0.001416329
7.192100000	0.008738362	0.001411036
7.219086000	-0.000080596	0.001409857
7.246096000	0.005741617	0.001399938
7.273096000	-0.001508019	0.001489311
7.300088000	-0.004798558	0.001483684
7.327104000	-0.008895884	0.001481699
7.354096000	0.001505084	0.001467769
7.381094000	0.000194980	0.001464583
7.408104000	0.001449687	0.001452803
7.435096000	-0.006034446	0.001450096
7.462094000	0.006328210	0.001441553
7.489105000	0.009789011	0.001434606
7.516098000	0.000715652	0.001433964
7.543091000	0.011866051	0.001427152