Kilo-Sec_B	rel_flux_T1_d(mag)	rel_flux_err_T1_d(mag)
0	-0.076271	0.000769
0.121046	-0.010296	0.000764
0.210038	0.005573	0.000749
0.236995	-0.0318	0.000745
0.264038	-0.04706	0.000763
0.290995	-0.026061	0.000749
0.318038	-0.06695	0.000741
0.344995	-0.052185	0.00074
0.372038	-0.048221	0.000745
0.398995	-0.042497	0.000737
0.425952	-0.047843	0.000731
0.452995	0.011737	0.00073
0.479952	-0.038463	0.000731
0.506995	-0.012129	0.000719
0.533952	-0.043946	0.000726
0.560995	0.003757	0.000718
0.587952	-0.04987	0.000716
0.614995	-0.002468	0.000709
0.641952	-0.005754	0.000715
0.668995	-0.02197	0.000706
0.695952	0.009917	0.000696
0.722995	-0.026372	0.000704
0.749952	-0.001524	0.000696
0.776995	-0.029846	0.000688
0.803952	-0.042846	0.000689
0.830995	0.024342	0.000692
0.857952	-0.001056	0.00068
0.884995	-0.015789	0.000685
0.911952	-0.036836	0.000688
0.938995	-0.011731	0.00067
0.965952	-0.068232	0.000668
0.992995	-0.055759	0.000667
1.019952	-0.063019	0.000667
1.046909	0.000767	0.000664
1.073952	-0.06127	0.000662
1.100995	-0.02811	0.000658
1.127952	-0.006128	0.000663
1.154909	-0.037827	0.000647
1.181952	-0.044993	0.000654
1.208909	-0.068981	0.000652
1.235952	-0.08071	0.000704
1.262909	-0.046544	0.000705
1.290989	-0.016965	0.000693
1.317946	-0.063312	0.000694
1.344902	-0.079492	0.000689
1.371946	-0.071983	0.0007
1.398902	-0.060446	0.000688
1.425946	-0.045401	0.00069
1.452902	-0.091294	0.00068
1.479946	-0.06839	0.000676
1.506902	-0.066567	0.000683
1.533946	-0.038372	0.000673
1.560902	-0.086667	0.000669
1.587946	-0.062865	0.000665
1.614902	-0.041902	0.000657
1.641946	-0.035742	0.000653
1.668902	-0.015829	0.000659
1.695946	-0.095597	0.000654
1.722902	-0.051956	0.000664
1.749946	-0.074995	0.000652
1.776902	-0.037303	0.000645
1.803859	-0.093523	0.000645
1.830902	-0.068172	0.000641
1.857859	-0.070668	0.00064
1.884902	-0.050935	0.000647
1.911859	-0.112405	0.000638
1.938902	-0.083324	0.000635
1.965859	-0.07785	0.00063
1.992902	-0.054385	0.000627
2.019859	0.016194	0.000626
2.046902	-0.029381	0.00062
2.073859	0.020513	0.000689
2.100902	0.000391	0.000678
2.127859	-0.000287	0.000665
2.154902	0.010759	0.000662
2.181859	-0.016319	0.000661
2.208902	-0.029778	0.000665
2.235859	-0.03666	0.000662
2.262902	0.012904	0.000656
2.289859	0.047284	0.000645
2.316902	-0.009621	0.000649
2.343859	0.007275	0.000648
2.370816	-0.037122	0.000652
2.397859	-0.057062	0.000644
2.424902	-0.012252	0.00064
2.451859	-0.066136	0.000646
2.478816	-0.020697	0.000637
2.505859	-0.009006	0.000628
2.532816	-0.052137	0.000631
2.559859	-0.025322	0.000622
2.586816	-0.080105	0.000625
2.613859	-0.057261	0.000625
2.640816	-0.035392	0.000628
2.667859	-0.074582	0.000624
2.694816	-0.020565	0.000618
2.721859	-0.002822	0.000614
2.748816	-0.042397	0.000614
2.775859	-0.021819	0.000608
2.802816	-0.050037	0.000611
2.829859	-0.089491	0.000606
2.856816	-0.05014	0.000611
2.883859	-0.058525	0.000601
2.910816	-0.043381	0.000646
2.937859	-0.044604	0.000642
2.964816	-0.056655	0.00065
2.991859	-0.016825	0.000639
3.018816	-0.063081	0.000638
3.045773	-0.063139	0.00063
3.072816	-0.066017	0.000627
3.099773	-0.111265	0.000629
3.126816	-0.051702	0.000629
3.153773	-0.043556	0.000624
3.180816	-0.076506	0.000628
3.207773	-0.090024	0.000623
3.234816	-0.064811	0.000616
3.261773	-0.073564	0.000618
3.288816	-0.074339	0.000615
3.315773	-0.075012	0.00061
3.342816	-0.035738	0.000613
3.369773	-0.044077	0.000603
3.396816	-0.045148	0.0006
3.423773	-0.063043	0.000606
3.450816	-0.062559	0.000606
3.477773	-0.023808	0.000604
3.504816	-0.083809	0.000605
3.531773	-0.049932	0.000605
3.558816	-0.079356	0.000598
3.585773	-0.065527	0.000596
3.612816	-0.085145	0.000596
3.639773	-0.064359	0.000591
3.66673	-0.050966	0.000591
3.693773	-0.021027	0.00059
3.72073	-0.074218	0.000589
3.747773	0.014346	0.000618
3.77473	-0.075641	0.000615
3.801773	-0.028517	0.00061
3.82873	-0.004599	0.000613
3.855773	-0.066227	0.000609
3.88273	-0.074939	0.000603
3.909773	-0.107547	0.000599
3.93673	-0.045489	0.000602
3.963773	-0.05404	0.000608
3.99073	-0.078005	0.000601
4.017773	-0.054402	0.000595
4.04473	-0.04107	0.000595
4.071773	-0.053003	0.000591
4.09873	-0.056379	0.000593
4.125773	-0.062261	0.00059
4.15273	-0.065749	0.00059
4.179686	-0.075532	0.00059
4.20673	-0.112065	0.000586
4.233686	-0.082192	0.000584
4.26073	-0.070138	0.000584
4.287773	-0.021893	0.000586
4.31473	-0.068682	0.000583
4.341773	-0.028766	0.000579
4.36873	-0.011563	0.000571
4.395686	0.005915	0.000576
4.42273	-0.034033	0.00058
4.449773	-0.007377	0.000576
4.47673	-0.028434	0.000578
4.503686	-0.0476	0.00059
4.53073	-0.065506	0.000596
4.557686	-0.081734	0.000588
4.58473	-0.068035	0.000588
4.611686	-0.051875	0.000584
4.63873	-0.077879	0.000588
4.665686	-0.088211	0.000584
4.69273	-0.073281	0.000584
4.719686	-0.092726	0.000585
4.74673	-0.078921	0.000582
4.773686	-0.07216	0.000579
4.80073	-0.086913	0.000579
4.827686	-0.03844	0.000576
4.85473	-0.053703	0.000576
4.881686	-0.072783	0.000578
4.90873	-0.08756	0.000571
4.935686	-0.096644	0.000574
4.962643	-0.081883	0.000571
4.989686	-0.089817	0.000572
5.016643	0.001877	0.000578
5.043686	0.01153	0.000569
5.070643	0.010093	0.00057
5.097686	0.008503	0.000565
5.124643	-0.001618	0.000566
5.151686	0.007967	0.000564
5.178643	-0.011766	0.000574
5.205686	-0.026595	0.000578
5.232643	-0.03655	0.000575
5.259686	-0.014929	0.000581
5.286643	-0.012903	0.000583
5.313686	-0.039213	0.000571
5.340643	-0.015826	0.000575
5.367686	-0.034514	0.000575
5.394643	-0.026543	0.000572
5.421686	-0.000166	0.000572
5.448643	-0.022988	0.000569
5.475686	-0.017822	0.00057
5.502643	0.018749	0.000564
5.529686	-0.042016	0.000568
5.556643	-0.037795	0.000566
5.5836	-0.01859	0.000571
5.610643	-0.006605	0.000566
5.6376	-0.002758	0.000563
5.664643	0.061904	0.000574
5.6916	-0.0118	0.000564
5.718643	0.003481	0.000566
5.718643	0.003481	0.000566
5.7456	0.029913	0.000568
5.772643	-0.015808	0.000563
5.7996	-0.000136	0.000563
5.826643	0.013597	0.000569
5.8536	0.001066	0.000566
5.880643	-0.016704	0.000567
5.9076	0.06574	0.000572
5.934643	-0.003673	0.000568
5.9616	-0.010124	0.000566
5.988643	-0.026593	0.000562
6.0156	-0.030115	0.000572
6.042643	-0.009232	0.000566
6.070637	-0.026419	0.000567
6.097594	-0.030538	0.000562
6.124637	-0.00188	0.000562
6.151594	-0.006923	0.000562
6.178637	-0.02678	0.000563
6.205594	0.004606	0.000563
6.23255	-0.016639	0.000568
6.259594	-0.01371	0.000563
6.286637	-0.011557	0.000564
6.313594	0.02504	0.00056
6.341587	-0.003139	0.000564
6.36863	-0.008552	0.000569
6.395587	0.011118	0.000563
6.422544	-0.032971	0.000566
6.449587	-0.029433	0.000565
6.476544	-0.015573	0.00057
6.503587	-0.014081	0.000562
6.530544	-0.046969	0.000563
6.557587	-0.062585	0.000562
6.584544	-0.021558	0.000565
6.611587	-0.000652	0.00057
6.638544	0.036582	0.000561
6.665587	-0.03292	0.00056
6.692544	-0.035514	0.000561
6.719587	-0.024109	0.000565
6.746544	-0.03447	0.000559
6.773587	-0.027957	0.000561
6.800544	0.010862	0.000561
6.827587	-0.010749	0.000568
6.854544	0.016052	0.000559
6.881587	-0.026612	0.00056
6.908544	0.020724	0.000558
6.935587	-0.028145	0.000562
6.962544	0.010147	0.000566
6.989501	0.023905	0.000565
7.016544	0.061093	0.000569
7.043587	0.027876	0.000569
7.070544	-0.009961	0.000558
7.097501	-0.013095	0.000562
7.124544	0.000296	0.000564
7.151501	-0.003812	0.00056
7.178544	-0.029325	0.000563
7.205501	-0.036134	0.000558
7.232544	-0.018721	0.000569
7.259501	-0.007916	0.000564
7.286544	-0.065474	0.000565
7.313501	-0.031678	0.000563
7.340544	0.000404	0.000558
7.367501	-0.046194	0.000565
7.394544	-0.062334	0.000558
7.421501	0.030023	0.000557
7.448544	-0.030702	0.000563
7.475501	-0.042082	0.000561
7.502544	-0.031883	0.000567
7.529501	0.000428	0.000561
7.556544	-0.00949	0.000563
7.583501	-0.067827	0.00056
7.610544	0.070045	0.000561
7.637501	0.075838	0.00057
7.664544	0.001547	0.00057
7.691501	0.000377	0.000562
7.718458	-0.026656	0.000557
7.745501	-0.039344	0.000562
7.772458	-0.021949	0.000562
7.799501	-0.008502	0.000562
7.826458	-0.050294	0.000562
7.853501	-0.027437	0.000558
7.880458	-0.021346	0.000558
7.907501	-0.055028	0.000559
7.934458	-0.064449	0.000561
7.961501	-0.026059	0.000563
7.988458	-0.015171	0.000557
8.015501	-0.081866	0.00056
8.042458	-0.061346	0.000559
8.069501	-0.067866	0.000559
8.096458	-0.071169	0.00056
8.123501	-0.072014	0.000561
8.150458	-0.086023	0.000559
8.177501	-0.043937	0.000556
8.204458	-0.039607	0.000557
8.231501	-0.013226	0.000558
8.258458	-0.068908	0.00056
8.285414	0.00858	0.00056
8.312458	-0.046879	0.000557
8.339414	-0.068071	0.000556
8.366458	-0.024158	0.000557
8.393414	-0.046656	0.000562
8.420458	-0.083162	0.000557
8.447414	-0.057091	0.000563
8.474458	-0.012579	0.000561
8.501414	-0.057984	0.000559
8.528458	-0.064679	0.000559
8.555414	-0.097051	0.000563
8.582458	0.044564	0.000561
8.609414	0.037576	0.000561
8.636458	0.029572	0.000558
8.663414	-0.028708	0.000557
8.690458	-0.016896	0.000561
8.717414	-0.012434	0.000558
8.744458	0.007301	0.000558
8.771414	0.036953	0.000557
8.798458	-0.037044	0.000562
8.825414	-0.005133	0.000561
8.852458	-0.030777	0.000563
8.879414	-0.046218	0.000558
8.906371	-0.014691	0.000554
8.933414	0.004951	0.000561
8.960371	-0.003672	0.000558
8.987414	-0.063774	0.000559
9.014371	-0.031135	0.000562
9.041414	0.020509	0.000561
9.068371	-0.00725	0.000561
9.095414	-0.020836	0.00056
9.122371	-0.023702	0.000555
9.149414	0.014137	0.000558
9.176371	0.014962	0.000563
9.203414	0.047678	0.000563
9.230371	0.05116	0.000561
9.257414	0.058896	0.000565
9.284371	0.052295	0.000562
9.311414	0.045161	0.000555
9.338371	0.061899	0.00057
9.365414	0.052065	0.000561
9.392371	0.079566	0.00056
9.419414	0.055455	0.000565
9.446371	0.037577	0.000562
9.473328	0.06394	0.000563
9.500371	0.037505	0.000563
9.527414	0.032884	0.00056
9.554371	0.071625	0.000572
9.581328	0.070358	0.000563
9.608371	0.056995	0.000558
9.635328	0.035978	0.000554
9.662371	0.037506	0.000562
9.689328	0.032291	0.000562
9.716371	0.021349	0.000559
9.743328	0.027534	0.000558
9.770371	0.036952	0.000557
9.797328	-0.004691	0.000561
9.825322	0.016814	0.000559
9.852365	0.041411	0.000554
9.879322	0.025369	0.000557
9.906365	0.053531	0.000558
9.933322	0.053233	0.000559
9.960365	0.031812	0.000556
9.987322	0.052143	0.000561
10.014365	0.024876	0.000559
10.041322	0.020611	0.000557
10.068365	0.033959	0.000555
10.095322	0.002948	0.000563
10.122365	0.014296	0.000561
10.149322	0.020621	0.000559
10.176365	0.01905	0.000555
10.203322	-0.005401	0.000561
10.230278	0.026418	0.000554
10.257322	0.026498	0.000553
10.284278	0.006771	0.000561
10.311322	-0.000072	0.000557
10.338278	0.030507	0.000554
10.365322	0.030965	0.000555
10.392278	0.033885	0.000556
10.419322	0.008231	0.000554
10.446278	-0.012996	0.000558
10.473322	-0.0007	0.000555
10.500278	0.022558	0.000552
10.527322	-0.011279	0.000553
10.554278	0.015578	0.000559
10.581322	0.047928	0.00056
10.608278	0.009614	0.000558
10.635322	-0.009391	0.000558
10.662278	0.024396	0.000553
10.689322	-0.000527	0.000556
10.716278	0.007602	0.000552
10.743322	0.004961	0.000556
10.770278	-0.038132	0.000555
10.797322	0.019243	0.000556
10.824278	-0.036747	0.000554
10.852272	-0.053879	0.000556
10.879229	-0.04879	0.000555
10.906272	0.030906	0.000556
10.933229	0.046969	0.000555
10.960272	-0.006666	0.000559
10.987229	-0.019745	0.000554
11.014272	-0.001742	0.000556
11.041229	0.038826	0.000558
11.068272	0.076496	0.000556
11.095229	0.063251	0.000558
11.122272	0.041669	0.000556
11.149229	0.034427	0.000559
11.176272	0.0832	0.00056
11.203229	0.068972	0.000558
11.230272	0.039312	0.000555
11.257229	0.066561	0.000555
11.284272	0.047771	0.000555
11.311229	0.03554	0.000555
11.338272	0.043975	0.000554
11.365229	0.062766	0.000553
11.392272	0.038087	0.000553
11.419229	0.062255	0.000554
11.446272	0.066953	0.000559
11.473229	0.071469	0.000556
11.500272	0.073244	0.000559
11.527229	0.020763	0.00055
11.554272	0.026476	0.000551
11.581229	0.067535	0.000553
11.608272	0.037922	0.000552
11.635229	0.070709	0.000557
11.662186	0.058764	0.000553
11.689229	0.011962	0.000556
11.716272	0.074675	0.000551
11.743229	0.075107	0.000555
11.770186	0.070142	0.000557
11.797229	0.079043	0.000557
11.824186	0.004429	0.000553
11.851229	0.035006	0.000552
11.878186	0.062088	0.000555
11.905229	0.01987	0.000553
11.932186	0.046644	0.000554
11.959229	0.043763	0.000555
11.986186	0.063576	0.000554
12.013229	0.005433	0.000554
12.040186	0.046911	0.000557
12.067229	0.047851	0.000557
12.094186	0.035361	0.000554
12.121229	0.028049	0.000553
12.148186	0.017279	0.000553
12.175229	-0.000961	0.000552
12.202186	0.023565	0.000552
12.229142	0.012567	0.000553
12.256186	0.031437	0.000552
12.283142	0.017686	0.00056
12.310186	0.009125	0.000553
12.337142	0.009055	0.000554
12.364186	-0.016675	0.000554
12.391142	0.015295	0.000553
12.418186	-0.002074	0.000554
12.445142	0.010897	0.000551
12.472186	-0.004093	0.000554
12.499142	0.008271	0.000552
12.526186	0.020122	0.000556
12.553142	0.01044	0.000555
12.580186	-0.02311	0.000554
12.607142	-0.023946	0.000556
12.634186	-0.000084	0.000551
12.661142	0.000494	0.000556
12.689136	-0.000133	0.000552
12.716179	-0.031104	0.000554
12.743136	0.01511	0.000552
12.770179	0.004611	0.000552
12.797136	0.022759	0.000552
12.824093	0.041009	0.000551
12.851136	0.002111	0.000551
12.878179	-0.044224	0.000553
12.905136	0.030871	0.000554
12.932179	0.014862	0.000553
12.959136	0.023259	0.000556
12.986179	0.006951	0.000552
13.013136	-0.027247	0.000555
13.040093	0.019937	0.000553
13.067136	-0.002302	0.000554
13.094093	0.015993	0.000554
13.121136	-0.041671	0.000553
13.148093	-0.009978	0.000554
13.175136	0.012201	0.000555
13.202093	0.004296	0.000553
13.229136	0.025454	0.000557
13.256093	-0.037707	0.000556
13.283136	0.021125	0.000554
13.310093	0.02	0.000553
13.337136	0.037978	0.000557
13.364093	0.01885	0.000555
13.391136	-0.01157	0.000553
13.418093	-0.013608	0.000553
13.445136	-0.036145	0.000553
13.472093	-0.033189	0.000555
13.49905	-0.031977	0.000554
13.526093	-0.034035	0.000555
13.55305	0.022977	0.000555
13.580093	-0.017136	0.000553
13.60705	0.004215	0.000552
13.634093	-0.068594	0.000556
13.66105	-0.054052	0.000557
13.688093	0.000135	0.000553
13.71505	0.031937	0.000552
13.742093	-0.005638	0.000552
13.76905	-0.037276	0.000553
13.796093	-0.010895	0.000551
13.82305	-0.044689	0.000554
13.850093	0.020278	0.000556
13.87705	-0.036196	0.000554
13.904093	-0.055781	0.000555
13.93105	-0.026826	0.000554
13.958093	-0.036146	0.000555
13.98505	0.000459	0.000552
14.012093	-0.061867	0.000556
14.03905	-0.071425	0.000555
14.066093	-0.024102	0.000553
14.09305	0.055221	0.000563
14.120093	-0.019475	0.000556
14.14705	0.007018	0.000552
14.174093	-0.102248	0.000559
14.20105	-0.011606	0.000555
14.228093	-0.08046	0.000556
14.25505	-0.005273	0.000557
14.282006	-0.038933	0.000558
14.30905	-0.069671	0.000557
14.336006	-0.030326	0.000555
14.36305	-0.040928	0.000555
14.390006	0.012758	0.000555
14.41705	-0.049213	0.000554
14.444006	-0.068798	0.000555
14.47105	0.01073	0.000552
14.498006	-0.019921	0.000553
14.52505	-0.029355	0.000555
14.552006	-0.068343	0.000555
14.57905	-0.021179	0.000553
14.606006	-0.00516	0.000553
14.63305	-0.034187	0.000558
14.660006	-0.053583	0.000555
14.68705	0.062863	0.000553
14.714006	0.024492	0.000553
14.740963	-0.02129	0.000557
14.768006	0.034334	0.000555
14.794963	0.000016	0.000557
14.822006	0.006513	0.000555
14.848963	0.067897	0.000555
14.876006	0.041842	0.000553
14.902963	0.003824	0.000553
14.930006	0.039379	0.000555
14.956963	0.016245	0.000556
14.984006	0.053978	0.000559
15.010963	0.058051	0.00056
15.038006	0.030335	0.000553
15.064963	0.038941	0.000553
15.092006	0.07678	0.000557
15.118963	0.079665	0.000554
15.146006	0.008516	0.000557
15.172963	0.012577	0.000554
15.200006	0.018776	0.000557
15.226963	0.051139	0.00056
15.254006	0.032834	0.000552
15.280963	0.033997	0.000552
15.308006	0.039271	0.000558
15.334963	0.067767	0.000554
15.362006	0.092814	0.000558
15.388963	0.120608	0.000565
15.416006	0.129133	0.000565
15.442963	0.10647	0.000567
15.46992	0.111012	0.000559
15.496963	0.119633	0.000568
15.524006	0.113404	0.000558
15.550963	0.072552	0.000557
15.57792	0.087759	0.000551
15.605914	0.130025	0.000564
15.632957	0.083805	0.000555
15.659914	0.109979	0.000558
15.686957	0.076198	0.000554
15.713914	0.115263	0.000559
15.740957	0.122813	0.000562
15.767914	0.127635	0.000563
15.794957	0.116242	0.000564
15.821914	0.105304	0.000563
15.848957	0.061418	0.000554
15.875914	0.071823	0.000554
15.902957	0.035883	0.000554
15.929914	0.048702	0.000554
15.956957	0.018449	0.000556
15.982963	0.103535	0.000561
16.00992	0.065386	0.000554
16.036963	0.041082	0.000554
16.06392	0.01257	0.000553
16.090877	0.054374	0.000559
16.11792	0.106024	0.000562
16.144877	0.057428	0.000555
16.17192	0.090122	0.000557
16.198877	0.064975	0.000554
16.22592	0.027238	0.000555
16.252877	0.000568	0.000556
16.27992	0.050963	0.000554
16.306877	0.072787	0.000558
16.33392	0.075171	0.000557
16.360877	0.109725	0.000564
16.38792	0.126004	0.000567
16.414877	0.079936	0.000557
16.44192	0.016583	0.000557
16.468877	0.119146	0.000565
16.49592	0.07131	0.000555
16.522877	0.117398	0.000569
16.54992	0.102183	0.000557
16.576877	0.115633	0.000566
16.60392	0.098519	0.000558
16.630877	0.107398	0.000562
16.65792	0.128379	0.00056
16.684877	0.114208	0.000571
16.711834	0.07839	0.000558
16.738877	0.08748	0.000555
16.76592	0.107711	0.000554
16.792877	0.09233	0.00056
16.819834	0.094424	0.000552
16.846877	0.119089	0.000566
16.873834	0.110737	0.000565
16.900877	0.058969	0.000559
16.927834	0.115795	0.000569
16.954877	0.132665	0.000587
16.981834	0.095764	0.000563
17.008877	0.113607	0.000563
17.035834	0.103667	0.000563
17.062877	0.136834	0.000572
17.089834	0.073668	0.000556
17.116877	0.079671	0.00056
17.143834	0.051403	0.000554
17.170877	0.086372	0.000559
17.197834	0.096741	0.000556
17.224877	0.065767	0.000557
17.251834	0.095341	0.000555
17.27879	0.090212	0.000559
17.305834	0.095736	0.000561
17.332877	0.103953	0.000561
17.359834	0.096365	0.000564
17.386877	0.103035	0.000562
17.413834	0.089479	0.000555
17.44079	0.097705	0.000555
17.467834	0.079994	0.000556
17.49479	0.030441	0.000554
17.521834	0.070388	0.000558
17.54879	0.073082	0.000555
17.575834	0.092433	0.000558
17.60279	0.048108	0.000557
17.629834	0.013299	0.000556
17.65679	0.021894	0.000555
17.683834	0.08002	0.00056
17.71079	0.092121	0.000558
17.737834	0.104035	0.000567
17.76479	0.094226	0.000561
17.791834	0.093953	0.000568
17.81879	0.070176	0.000555
17.845834	0.038187	0.000557
17.87279	0.068692	0.000558
17.899834	0.00606	0.000558
17.92679	0.060115	0.00056
17.953834	0.098938	0.00056
17.98079	0.063509	0.000561
18.007747	0.046808	0.000558
18.03479	0.072935	0.000557
18.061747	0.072927	0.000557
18.08879	0.082318	0.000553
18.115747	0.056103	0.00056
18.14279	0.024764	0.000555
18.169747	0.076387	0.000559
18.19679	0.079253	0.000561
18.223747	0.058614	0.000559
18.25079	0.091719	0.000555
18.277747	0.026869	0.000557
18.30479	0.021466	0.000554
18.331747	0.038923	0.000556
18.35879	0.021812	0.000557
18.385747	0.069673	0.00056
18.41279	0.028843	0.000558
18.439747	0.016257	0.00056
18.46679	0.036065	0.000557
18.493747	0.030056	0.000558
18.52079	0.036857	0.000559
18.547747	0.023929	0.000555
18.57479	-0.018686	0.00056
18.601747	0.080084	0.000555
18.628704	0.113329	0.000574
18.655747	0.050719	0.000559
18.682704	0.009656	0.00056
18.709747	0.02262	0.000557
18.736704	0.072412	0.00056
18.763747	0.069836	0.000561
18.790704	-0.015847	0.000558
18.817747	0.002578	0.000559
18.844704	0.040602	0.000558
18.871747	0.020421	0.000556
18.898704	0.01781	0.000557
18.925747	-0.024288	0.000558
18.952704	-0.033027	0.000558
18.979747	-0.077103	0.00056
19.006704	-0.061854	0.000561
19.033747	0.003364	0.000555
19.060704	-0.050798	0.00056
19.087747	-0.068716	0.000561
19.114704	-0.0583	0.00056
19.141747	-0.029259	0.000559
19.168704	-0.049511	0.000559
19.195747	-0.085141	0.000561
19.222704	-0.07713	0.000561
19.249747	-0.09281	0.000561
19.276704	-0.005435	0.000557
19.303747	-0.043794	0.000559
19.330704	-0.022496	0.000559
19.357747	-0.037565	0.00056
19.384704	-0.000735	0.000557
19.411661	-0.076171	0.000562
19.438704	-0.039546	0.000561
19.465661	0.029434	0.00056
19.492704	-0.065833	0.000562
19.519661	-0.101014	0.000565
19.546704	-0.033758	0.000561
19.573661	-0.042695	0.00056
19.600704	0.045798	0.00056
19.627661	0.01281	0.000562
19.654704	-0.070676	0.000563
19.681661	-0.061857	0.000562
19.708704	-0.013879	0.00056
19.735661	0.022387	0.000559
19.762704	-0.016282	0.000559
19.789661	-0.069745	0.000563
19.816618	-0.027616	0.000561
19.843661	-0.011554	0.00056
19.870618	-0.013321	0.00056
19.897661	-0.058962	0.000564
19.924618	-0.038409	0.000562
19.951661	-0.0773	0.000564
19.978618	-0.094118	0.000564
20.005661	0.014116	0.000559
20.032618	0.013908	0.00056
20.059661	0.028768	0.00057
20.086618	0.039807	0.000564
20.113661	-0.028636	0.000563
20.140618	-0.040647	0.000564
20.167661	-0.022544	0.000567
20.194618	-0.031245	0.000562
20.221661	0.00742	0.00056
20.248618	0.005037	0.000561
20.275661	0.044677	0.000563
20.302618	0.01458	0.00056
20.329661	0.025175	0.000561
20.356618	-0.045451	0.000563
20.383661	0.00957	0.000561
20.410618	-0.005647	0.000564
20.437661	-0.03255	0.000562
20.464618	0.023731	0.00056
20.491574	-0.006507	0.000563
20.518618	0.039991	0.000563
20.545661	-0.020099	0.000562
20.572618	0.00131	0.000563
20.599574	0.02424	0.000562
20.626618	-0.027483	0.000563
20.653574	-0.033079	0.000564
20.680618	0.040221	0.000565
20.707574	0.055254	0.00057
20.734618	0.01169	0.000564
20.761574	0.022932	0.000563
20.788618	0.016281	0.000565
20.815574	-0.006823	0.000566
20.842618	0.04219	0.000569
20.869574	0.022965	0.000566
20.896618	0.049465	0.000575
20.923574	0.020713	0.000568
20.950618	-0.000341	0.000565
20.977574	-0.011805	0.000565
21.004618	-0.040981	0.000564
21.031574	0.028287	0.000562
21.058618	0.022562	0.000563
21.085574	0.046973	0.000571
21.112618	0.026908	0.000565
21.139574	0.030664	0.000576
21.166618	0.060453	0.000574
21.193574	0.05442	0.000568
21.220531	0.054195	0.000571
21.247574	0.044414	0.000569
21.274531	0.054911	0.00057
21.301574	0.051671	0.000578
21.328531	0.020897	0.000571
21.355574	0.006142	0.000567
21.382531	0.020191	0.000569
21.409574	0.032186	0.000572
21.436531	-0.025835	0.000569
21.436531	-0.025835	0.000569
21.463574	-0.009849	0.000568
21.490531	-0.043361	0.000568
21.517574	0.031665	0.000574
21.544531	0.046801	0.000576
21.571574	-0.004092	0.000568
21.598531	-0.009996	0.000568
21.625574	0.003249	0.000572
21.652531	-0.001899	0.000568
21.679574	0.018009	0.000571
21.706531	0.01295	0.000575
21.733488	0.034421	0.000575
21.760531	0.037481	0.00058
21.787488	0.017085	0.000576
21.814531	0.005439	0.000565
21.841488	-0.011443	0.000565
21.868531	-0.048063	0.00057
21.895488	0.00935	0.000569
21.922531	0.014367	0.000573
21.949488	-0.047866	0.000569
21.976531	-0.002461	0.000569
22.003488	-0.036445	0.000568
22.031482	-0.022002	0.00057
22.058525	-0.010975	0.000567
22.085482	-0.014025	0.00057
22.112525	-0.051476	0.00057
22.139482	-0.071497	0.000571
22.166525	0.003018	0.000571
22.193482	0.013714	0.000572
22.220525	-0.002783	0.000574
22.247482	0.00539	0.000571
22.274525	0.025962	0.000579
22.301482	0.028231	0.000581
22.328525	0.023877	0.000581
22.678445	0.046163	0.000593
22.705488	0.013558	0.000579
22.733482	0.025163	0.000585
22.760438	0.025106	0.000585
22.787482	0.007003	0.000581
22.814438	0.031448	0.000615
22.841482	0.020479	0.000591
22.868438	0.025505	0.000586
22.895482	0.001069	0.000588
22.922438	0.000338	0.000584
22.949482	0.008175	0.000582
22.976438	0.013727	0.000589
23.003482	0.016982	0.000582
23.030438	0.025965	0.000584
23.057482	0.007186	0.000592
23.084438	0.021747	0.000599
23.111482	0.022357	0.00061
23.138438	0.016982	0.000599
23.165395	0.023552	0.000606
23.19745	0.027248	0.0006
23.224406	0.021575	0.000612
23.25145	0.021911	0.000599
23.278406	0.026002	0.000607
23.30545	0.022632	0.000596
23.332406	0.004027	0.000595
23.35945	0.017997	0.000597
23.386406	0.010538	0.000593
23.41345	0.010616	0.000599
23.440406	-0.008176	0.000591
23.46745	-0.031792	0.000588
23.494406	0.008678	0.000596
23.52145	-0.012827	0.000587
23.548406	-0.015394	0.000587
23.57545	-0.005021	0.00059
23.602406	-0.02806	0.000586
23.629363	-0.026417	0.000585
23.656406	-0.009858	0.000589
23.683363	-0.032528	0.000584
23.710406	-0.02908	0.000584
23.737363	0.001154	0.000603
23.764406	-0.006231	0.000604
23.791363	0.005099	0.000608
23.818406	0.006062	0.00061
23.845363	0.002967	0.000608
23.872406	-0.013216	0.000602
23.899363	0.003718	0.000607
23.926406	-0.001698	0.0006
23.953363	-0.001367	0.000604
23.980406	-0.013562	0.0006
24.007363	0.004561	0.000609
24.034406	-0.010615	0.000612
24.061363	-0.01562	0.000599
24.088406	0.000806	0.000607
24.115363	0.002439	0.000605
24.14232	-0.016436	0.000603
24.169363	-0.023442	0.000602
24.19632	-0.006241	0.000607
24.223363	-0.013162	0.0006
24.250406	-0.023411	0.000604
24.277363	-0.004901	0.000609
24.304406	-0.012884	0.000603
24.331363	-0.016049	0.000604
24.35832	-0.006613	0.000606
24.385363	-0.018956	0.000606
24.41232	-0.009934	0.000614
24.439363	-0.017596	0.000608
24.46632	-0.009477	0.000638
24.493363	-0.013463	0.000647
24.52032	-0.010886	0.000633
24.547363	-0.006965	0.000634
24.57432	-0.014833	0.000639
24.601363	-0.007903	0.00065
24.62832	-0.016525	0.000678
24.655363	-0.009983	0.000639
24.68232	-0.007531	0.000663
24.709363	-0.014012	0.000707
24.73632	-0.017828	0.000633