Kilo_Seconds_B	rel_flux_T1(mag)	rel_flux_err_T1(mag)
0	0.021249	0.001624
0.031968	0.021117	0.001625
0.064022	0.01934	0.001627
0.09599	0.019256	0.001631
0.127958	0.021156	0.001632
0.160013	0.019355	0.00163
0.191981	0.014434	0.001638
0.223949	0.012302	0.00164
0.256003	0.011362	0.001637
0.287971	0.007481	0.00164
0.319939	0.015076	0.001637
0.351994	0.019061	0.001639
0.383962	0.023476	0.001642
0.416016	0.01418	0.001634
0.447984	0.015112	0.001637
0.479952	0.018148	0.001632
0.512006	0.016686	0.001633
0.543974	0.011087	0.001636
0.575942	0.012293	0.001646
0.607997	0.009438	0.001634
0.639965	0.011582	0.001645
0.671933	0.010118	0.001642
0.703987	0.003515	0.001649
0.735955	0.010708	0.001639
0.76801	0.017912	0.00164
0.799978	0.015413	0.00164
0.831946	0.020419	0.001635
0.864	0.015124	0.001633
0.895968	0.021489	0.001632
0.927936	0.020742	0.001631
0.95999	0.022319	0.001628
0.991958	0.022318	0.001629
1.023926	0.010359	0.001636
1.055981	0.00682	0.001634
1.087949	0.014049	0.001629
1.119917	0.011517	0.00163
1.151971	0.017484	0.001631
1.183939	0.018863	0.001629
1.215994	0.015048	0.00163
1.247962	0.011596	0.001633
1.27993	0.013761	0.001634
1.311984	0.010526	0.001631
1.343952	0.012564	0.001638
1.37592	0.007445	0.001641
1.407974	0.007029	0.00164
1.439942	0.004985	0.001634
1.47191	0.010984	0.001633
1.503965	0.007129	0.001631
1.535933	0.008774	0.001633
1.567901	0.013471	0.001632
1.599955	0.01104	0.001632
1.631923	0.015102	0.001628
1.663891	0.004544	0.001646
1.695946	0.007356	0.001633
1.727914	0.006985	0.001636
1.759968	0.002439	0.001634
1.791936	0.005457	0.00163
1.823904	0.002489	0.001632
1.855958	0.005027	0.001627
1.887926	0.006019	0.001628
1.919894	0.006406	0.00163
1.951949	0.011215	0.001625
1.983917	0.010169	0.001626
2.015885	0.010157	0.001625
2.047939	0.011763	0.001628
2.079907	0.014661	0.001624
2.111962	0.012597	0.001626
2.14393	0.01133	0.001626
2.175898	0.004659	0.001631
2.207952	0.004285	0.001628
2.23992	0.001446	0.001632
2.271888	0.000654	0.001641
2.303942	0.006807	0.001628
2.33591	0.004122	0.00163
2.367878	0.007192	0.001626
2.399933	0.005829	0.001635
2.431901	0.005626	0.001634
2.463869	0.01252	0.001626
2.495923	0.001697	0.001633
2.527891	0.005994	0.001625
2.559946	0.001822	0.001629
2.591914	0.001364	0.001627
2.623882	0.00409	0.001629
2.656886	0.009434	0.001622
2.688854	0.010337	0.001622
2.720909	0.012156	0.00162
2.752877	0.013494	0.001622
2.784931	0.003386	0.001647
2.816899	0.001771	0.001644
2.848867	0.003758	0.001645
2.880922	-0.000973	0.001649
2.91289	-0.001455	0.001651
2.944858	0.000845	0.001647
2.976912	-0.002848	0.001657
3.00888	-0.003308	0.001651
3.040848	0.000778	0.001642
3.072902	0.002326	0.001652
3.10487	0.005966	0.001648
3.136838	-0.001174	0.001657
3.168893	-0.000595	0.001644
3.200861	0.000896	0.00165
3.232915	0.002207	0.001643
3.264883	0.004536	0.001642
3.296851	0.00462	0.001644
3.328906	-0.002646	0.001635
3.360874	-0.005655	0.00164
3.392842	0.000446	0.001639
3.424896	-0.000904	0.001633
3.456864	0.000199	0.00164
3.488832	0.002495	0.001638
3.520886	0.002102	0.001635
3.552854	0.001823	0.001639
3.584822	-0.000767	0.001641
3.616877	0.000988	0.001633
3.648845	-0.00451	0.001634
3.680899	0.002628	0.001632
3.712867	-0.003771	0.001636
3.744835	-0.008375	0.001641
3.77689	-0.007838	0.001635
3.808858	-0.002076	0.001633
3.840826	-0.002256	0.001628
3.87288	-0.000181	0.001635
3.904848	-0.004986	0.001632
3.936816	-0.000676	0.001644
3.96887	-0.000717	0.001636
4.000838	-0.000204	0.001632
4.032806	-0.001766	0.001635
4.064861	-0.00461	0.001637
4.096829	-0.003292	0.001635
4.128883	-0.010854	0.00163
4.160851	-0.008131	0.001641
4.193856	-0.0008	0.001634
4.225824	-0.004109	0.001632
4.257878	-0.005753	0.001641
4.289846	0.002158	0.001641
4.321814	-0.001968	0.001638
4.353869	-0.009095	0.001641
4.385837	-0.000494	0.001643
4.417805	-0.002367	0.00164
4.449859	-0.007774	0.001643
4.481827	-0.005888	0.001644
4.513795	-0.006865	0.001643
4.54585	-0.010209	0.001641
4.577818	-0.005337	0.001632
4.609786	0.000751	0.00163
4.64184	0.000127	0.001633
4.673808	-0.003488	0.001633
4.705776	0.003165	0.001627
4.73783	0.00488	0.001631
4.769798	-0.004526	0.00163
4.801853	0.000542	0.001628
4.833821	-0.002219	0.001629
4.865789	-0.003277	0.001624
4.897843	-0.000534	0.001629
4.929811	-0.001725	0.001627
4.961779	-0.005766	0.001627
4.993834	0.000969	0.001625
5.025802	0.002668	0.001624
5.05777	0.001466	0.001625
5.089824	0.004378	0.001625
5.121792	0.003958	0.001623
5.15376	0.003289	0.001626
5.185814	0.00484	0.001623
5.217782	-0.000271	0.001629
5.250787	-0.001054	0.001629
5.282755	-0.011427	0.00163
5.31481	-0.001064	0.001634
5.346778	-0.002895	0.001637
5.378746	0.003482	0.001626
5.4108	-0.00204	0.001625
5.442768	0.000017	0.00163
5.473786	0.003375	0.001631
5.505754	0.001694	0.001629
5.537808	0.000332	0.001627
5.569776	-0.005187	0.001629
5.601744	0.002147	0.001626
5.633798	-0.000844	0.001629
5.665766	-0.008813	0.001626
5.697821	-0.006403	0.001637
5.729789	-0.003622	0.001628
5.761757	-0.001174	0.001626
5.793811	-0.001606	0.001625
5.825779	0.000951	0.001627
5.857747	0.001375	0.001625
5.889802	0.00218	0.001632
5.92177	-0.001778	0.00163
5.953738	-0.00237	0.001627
5.985792	-0.000204	0.001633
6.01776	0.000046	0.001631
6.049728	-0.000645	0.001627
6.081782	-0.00432	0.001625
6.11375	-0.002309	0.001627
6.145718	-0.000181	0.001625
6.177773	0.002358	0.001623
6.209741	0.004949	0.001627
6.241795	0.002433	0.001624
6.273763	0.002591	0.001625
6.305731	-0.004106	0.001628
6.337786	0.00253	0.001626
6.369754	-0.00049	0.001625
6.401722	-0.000891	0.001628
6.433776	-0.006453	0.001629
6.465744	-0.003692	0.001624
6.497712	-0.006275	0.001626
6.529766	-0.002074	0.001625
6.561734	-0.004658	0.001625
6.593702	-0.004943	0.001628
6.625757	-0.002576	0.001631
6.657725	-0.003332	0.001632
6.689779	-0.006921	0.001633
6.721747	-0.007827	0.001633
6.753715	-0.000293	0.001631
6.78577	-0.004382	0.001632
6.817738	-0.00719	0.001639
6.849706	-0.011044	0.001638
6.88176	-0.006323	0.001632
6.913728	-0.008066	0.001632
6.945696	-0.002198	0.001634
6.97775	0.001718	0.001632
7.009718	-0.003129	0.001633
7.041773	0.000722	0.001624
7.073741	-0.007169	0.001628
7.105709	-0.003545	0.001631
7.137763	-0.004872	0.001631
7.169731	-0.008066	0.001626
7.201699	-0.012706	0.001631
7.233754	-0.009564	0.00163
7.265722	-0.001842	0.001626
7.29769	-0.004283	0.001629
7.329744	0.002097	0.00163
7.361712	0.004154	0.001633
7.39368	0.0001	0.001633
7.425734	-0.000876	0.001639
7.457702	-0.004939	0.001641
7.48967	0.000112	0.001653
7.521725	-0.006977	0.00164
7.553693	-0.008654	0.001641
7.585661	-0.011553	0.001642
7.617715	-0.007908	0.001647
7.649683	-0.000122	0.001646
7.681738	-0.001461	0.001643
7.713706	-0.004144	0.001644
7.745674	-0.000494	0.001647
7.777728	-0.001409	0.001638
7.809696	-0.002486	0.001636
7.841664	-0.001278	0.001635
7.873718	-0.002003	0.001644
7.905686	-0.003607	0.001647
7.937654	-0.00253	0.001643
7.969709	-0.010594	0.001675
8.001677	-0.003949	0.00167
8.033731	-0.007261	0.001679
8.065699	-0.001456	0.00167
8.097667	-0.006207	0.001665
8.129722	0.004434	0.001663
8.16169	-0.001657	0.001674
8.193658	-0.003619	0.001674
8.225712	-0.003781	0.001665
8.25768	-0.005422	0.00168
8.289648	-0.000278	0.001704
8.321702	-0.000726	0.001715
8.35367	-0.009966	0.001713
8.385638	-0.00497	0.001714
8.417693	-0.010081	0.001692
8.449661	-0.00226	0.001707
8.481715	-0.004513	0.001696
8.513683	0.001732	0.001702
8.545651	0.00032	0.00169
8.577706	-0.003343	0.001705
8.609674	-0.001331	0.001708
8.641642	-0.002463	0.001705
8.673696	-0.003963	0.001684
8.705664	-0.005649	0.00173
8.737632	-0.007008	0.001731
8.769686	-0.003402	0.001741
8.801654	-0.005448	0.001722
8.833622	-0.003924	0.001717
8.865677	-0.002039	0.001698
8.897645	0.002284	0.001728
8.929699	-0.002326	0.001729
8.961667	-0.005539	0.001687
8.993635	-0.004266	0.00164
9.02569	-0.001251	0.001638
9.057658	-0.005034	0.001647
9.089626	-0.004416	0.001638
9.12168	-0.00742	0.00164
9.153648	-0.004489	0.001636
9.185616	-0.000941	0.001637
9.21767	-0.004923	0.001635
9.249638	-0.005831	0.001644
9.281606	-0.006789	0.001636
9.313661	-0.001785	0.001641
9.345629	-0.003985	0.001641
9.377683	-0.001589	0.001642
9.409651	-0.004835	0.001639
9.441619	-0.006308	0.001646
9.473674	-0.00631	0.001642
9.505642	-0.005924	0.001657
9.53761	-0.011107	0.001641
9.569664	-0.010047	0.001636
9.601632	-0.005986	0.001638
9.6336	-0.00034	0.00164
9.665654	0.000601	0.001646
9.697622	0.001036	0.001655
9.72959	-0.003679	0.001644
9.761645	0.000857	0.001639
9.793699	-0.000926	0.001655
9.825581	-0.004346	0.001639
9.857635	-0.003338	0.00164
9.889603	-0.006544	0.001639
9.921658	-0.012602	0.001646
9.953626	-0.00415	0.001641
9.985594	-0.004647	0.001636
10.017648	-0.002015	0.001632
10.049616	-0.003597	0.001633
10.081584	0.003256	0.001628
10.113638	0.003306	0.001627
10.145606	0.002336	0.001632
10.177574	0.001035	0.001634
10.209629	-0.001986	0.001628
10.241597	0.001994	0.001629
10.273565	-0.002412	0.001629
10.305619	-0.006734	0.001626
10.337587	-0.007805	0.001628
10.369642	-0.000934	0.001629
10.40161	0.008569	0.00163
10.433578	0.003725	0.001628
10.465632	-0.000883	0.001629
10.4976	0.000894	0.001628
10.529568	-0.002277	0.00163
10.561622	-0.000681	0.001631
10.59359	-0.001432	0.001632
10.625558	-0.008377	0.00164
10.657613	-0.012821	0.001872
10.689581	-0.017186	0.001872
10.721549	-0.007286	0.001891
10.753603	-0.001001	0.001868
10.785571	-0.005949	0.001866
10.817539	-0.008708	0.001873
10.849594	-0.003788	0.001873
10.881562	-0.0089	0.00189
10.913616	-0.013185	0.001878
10.945584	-0.018836	0.00188
10.977552	-0.008528	0.001744
11.009606	-0.005291	0.001644
11.041574	-0.005703	0.001641
11.073542	-0.004134	0.001644
11.105597	-0.000008	0.001641
11.137565	0.000551	0.001641
11.169533	-0.002233	0.001646
11.201587	0.000633	0.00164
11.233555	0.002483	0.001641
11.265523	-0.00368	0.001647
11.297578	-0.001698	0.001641
11.329546	0.004508	0.001642
11.3616	0.002898	0.001641
11.393568	0.001913	0.001645
11.425536	-0.002077	0.001648
11.45759	-0.005662	0.001649
11.489558	-0.003808	0.001642
11.521526	-0.000662	0.001642
11.553581	0.006175	0.001637
11.585549	0.004702	0.001641
11.617517	0.005066	0.001641
11.649571	0.012019	0.001639
11.681539	0.001716	0.001643
11.713594	0.00417	0.001642
11.745562	0.008705	0.001639
11.77753	0.003233	0.001641
11.809584	-0.002249	0.001647
11.841552	-0.002566	0.001647
11.87352	-0.003056	0.001646
11.906525	0.002126	0.001643
11.938579	-0.003405	0.001642
11.970547	0.000135	0.001644
12.002515	0.000622	0.001644
12.03457	0.00313	0.001646
12.066538	0.004498	0.00164
12.098506	0.001273	0.001645
12.13056	0.00304	0.001641
12.162528	0.002547	0.001643
12.194496	-0.0006	0.001643
12.22655	-0.003763	0.001646
12.258518	-0.006158	0.001643
12.290486	0.001901	0.001647
12.322541	-0.002838	0.001646
12.354509	-0.000444	0.001641
12.386563	0.007276	0.001642
12.418531	-0.002787	0.001648
12.451536	0.005469	0.001643
12.483504	0.003289	0.001647
12.515558	0.006625	0.001644
12.547526	-0.000737	0.001644
12.579494	-0.00537	0.001647
12.611549	-0.001172	0.001648
12.643517	-0.004701	0.001648
12.674534	-0.005735	0.001649
12.706502	0.001337	0.001645
12.738557	-0.001658	0.00165
12.770525	0.002011	0.001653
12.802493	-0.001486	0.001647
12.834461	-0.003312	0.001651
12.866515	0.000522	0.001651
12.898483	-0.003779	0.001644
12.930538	-0.002869	0.001649
12.962506	-0.0067	0.001649
12.994474	-0.006877	0.001654
13.026528	-0.011347	0.001649
13.058496	-0.002388	0.001653
13.090464	-0.002458	0.001648
13.122518	-0.001632	0.001649
13.154486	-0.002851	0.001657
13.186541	0.004538	0.00165
13.218509	-0.001665	0.00165
13.250477	-0.007477	0.001651
13.282445	-0.006478	0.001652
13.314499	-0.007738	0.00165
13.346467	-0.006178	0.001656
13.378522	-0.012581	0.001654
13.411526	-0.005429	0.001655
13.443494	-0.00123	0.001658
13.475462	-0.004286	0.001656
13.507517	-0.002284	0.001654
13.539485	-0.001869	0.001654
13.571453	-0.000608	0.00166
13.603507	-0.00477	0.001654
13.635475	-0.002009	0.001665
13.667443	-0.003148	0.001662
13.699498	-0.005321	0.001662
13.731466	-0.006714	0.00166
13.763434	-0.013463	0.001661
13.795488	-0.013444	0.001658
13.827456	-0.002708	0.001657
13.85951	-0.005745	0.001659
13.891478	-0.001032	0.001652
13.923446	-0.007971	0.001651
13.955501	-0.003128	0.00166
13.987469	-0.001883	0.001661
14.019437	-0.00835	0.001659
14.051491	-0.012974	0.001661
14.083459	-0.007502	0.001663
14.115427	-0.006624	0.001662
14.147482	-0.00948	0.001665
14.17945	-0.005503	0.001662
14.211418	-0.013697	0.001666
14.243472	-0.007607	0.001663
14.27544	-0.00717	0.001661
14.307408	-0.005192	0.001661
14.339462	-0.00965	0.001659
14.37143	-0.001451	0.001663
14.403485	-0.013734	0.001668
14.435453	-0.006706	0.001664
14.467421	-0.010075	0.001668
14.499475	-0.006911	0.001666
14.531443	-0.005378	0.001666
14.563411	-0.0034	0.001666
14.595466	-0.003029	0.00166
14.627434	-0.006629	0.00167
14.659402	0.001627	0.001672
14.691456	-0.00364	0.001665
14.723424	0.009097	0.001665
14.755478	-0.000588	0.001671
14.787446	-0.000959	0.00167
14.819414	0.000824	0.001668
14.851469	-0.007124	0.001667
14.883437	-0.013483	0.001665
14.915405	-0.015836	0.001665
14.947459	0.000816	0.001665
14.979427	-0.002622	0.001668
15.011395	0.000622	0.001664
15.04345	-0.005207	0.001668
15.075418	-0.006195	0.001669
15.107386	0.001025	0.001673
15.13944	0.001273	0.001674
15.171408	-0.001851	0.001666
15.203462	0.00056	0.001671
15.23543	-0.002422	0.001669
15.267398	-0.004355	0.001671
15.299453	-0.007699	0.001675
15.331421	-0.002498	0.001673
15.363389	-0.004381	0.001678
15.395443	0.001664	0.001678
15.427411	-0.002015	0.001677
15.459379	0.00351	0.001679
15.491434	0.000894	0.001666
15.523402	0.001995	0.001668
15.55537	0.004453	0.001677
15.587424	-0.00304	0.001676
15.619392	-0.00189	0.001677
15.65136	-0.013089	0.001682
15.683414	-0.009156	0.001683
15.715382	-0.00528	0.001688
15.747437	-0.004098	0.001688
15.779405	-0.010479	0.001682
15.811373	0.000496	0.001677
15.843427	-0.003368	0.00168
15.875395	-0.002795	0.001682
15.907363	-0.009476	0.001691
15.939418	-0.006053	0.001697
15.972422	-0.004466	0.001692
16.00439	-0.004375	0.00168
16.036358	-0.001463	0.001673
16.068413	-0.00627	0.001675
16.100381	-0.007763	0.001678
16.132349	-0.005017	0.001677
16.164403	-0.001767	0.001674
16.196371	0.005525	0.001673
16.228339	0.000739	0.001674
16.260394	0.003433	0.001677
16.292362	-0.002907	0.001675
16.324416	0.000211	0.001681
16.356384	-0.001797	0.001677
16.388352	-0.004885	0.001681
16.420406	-0.005111	0.001677
16.452374	-0.006118	0.00168
16.484342	-0.003634	0.001682
16.516397	0.000526	0.00168
16.548365	-0.000665	0.001682
16.580333	-0.005412	0.001678
16.612387	0.005187	0.001682
16.644355	0.00069	0.001683
16.676323	-0.00022	0.001681
16.708378	0.000538	0.001685
16.740346	-0.001054	0.001684
16.772314	-0.009443	0.001685
16.804368	-0.009161	0.001685
16.836336	-0.015187	0.001688
16.86839	-0.002508	0.001697
16.900358	-0.001538	0.001696
16.932326	-0.003093	0.001692
16.964381	0.000417	0.001687
16.996349	-0.002525	0.001707
17.028317	-0.002228	0.001701
17.060371	0.004508	0.001704
17.092339	-0.004919	0.001713
17.124307	-0.008916	0.001713
17.156362	-0.007823	0.001708
17.18833	-0.005979	0.001707
17.220384	-0.00862	0.001697
17.252352	-0.010699	0.001704
17.28432	-0.007763	0.001706
17.316374	0.001113	0.0017
17.348342	0.008959	0.001709
17.38031	0.006504	0.001705
17.412365	-0.001446	0.001717
17.444333	-0.001199	0.001717
17.476301	0.001078	0.001708
17.508355	-0.001869	0.001705
17.54136	-0.005631	0.001713
17.573328	-0.004328	0.001698
17.605296	-0.007505	0.001696
17.63735	-0.00362	0.001706
17.669318	-0.003831	0.001716
17.701286	-0.009669	0.001701
17.733341	0.000144	0.001708
17.765309	-0.00355	0.001709
17.797277	-0.00954	0.001715
17.829331	-0.004117	0.001707
17.861299	-0.007189	0.001719
17.893354	0.000056	0.001717
17.925322	-0.003199	0.001717
17.95729	-0.007896	0.001721
17.989344	-0.001514	0.001705
18.021312	-0.004978	0.001704
18.05328	-0.00355	0.001705
18.085334	0.004498	0.001705
18.117302	-0.00888	0.00172
18.14927	-0.001455	0.001719
18.181325	0.010006	0.001692
18.213293	0.01589	0.001691
18.245347	0.008025	0.001691
18.277315	0.007544	0.001691
18.309283	0.005596	0.0017
18.341338	0.008202	0.001698
18.373306	-0.001838	0.001699
18.405274	-0.000569	0.001699
18.437328	0.008711	0.001697
18.469296	0.008468	0.001699
18.501264	0.020247	0.001699
18.533318	0.006704	0.001697
18.565286	0.01294	0.001706
18.597254	0.014947	0.001703
18.629309	0.010501	0.001701
18.661277	0.016948	0.001704
18.693245	0.010453	0.001707
18.725299	0.006926	0.001703
18.757267	0.007753	0.001706
18.789235	0.006059	0.001703
18.82129	0.011664	0.001705
18.853258	0.007654	0.001702
18.885312	0.012504	0.001705
18.91728	0.013717	0.001704
18.949248	0.012141	0.001706
18.981302	0.009976	0.001708
19.01327	0.012518	0.001711
19.045238	0.007462	0.001711
19.077293	0.00955	0.001709
19.109261	0.009312	0.001716
19.141229	-0.003455	0.001874
19.173283	0.002009	0.001913
19.205251	0.00265	0.001901
19.237219	0.005332	0.001872
19.269274	0.009193	0.001907
19.301242	0.015552	0.001869
19.333296	0.006297	0.001892
19.365264	0.009266	0.001915
19.397232	0.00167	0.001793
19.429286	0.001533	0.001788
19.461254	0.007542	0.001799
19.493222	-0.0001	0.001792
19.525277	0.002161	0.001798
19.557245	0.001793	0.001805
19.59025	0.00514	0.001789
19.622218	0.00244	0.001766
19.654272	0.00602	0.001752
19.68624	0.015498	0.001725
19.718208	0.008253	0.001722
19.750262	0.012477	0.001723
19.78223	0.002726	0.00173
19.814285	0.012268	0.00173
19.846253	0.008373	0.001727
19.875283	0.010159	0.001722
19.907251	0.001592	0.001726
19.939219	0.008706	0.001731
19.971274	0.012833	0.001729
20.003242	0.015853	0.001728
20.03521	0.017921	0.001731
20.067264	-0.003204	0.00178
20.099232	-0.012163	0.00178
20.1312	-0.006701	0.001793
20.163254	-0.005003	0.001784
20.195222	-0.004719	0.001799
20.22719	-0.003666	0.001803
20.259245	-0.013086	0.001806
20.291213	-0.010544	0.001828
20.323181	-0.014085	0.00184
20.355235	-0.015738	0.00182
20.387203	-0.006644	0.001834
20.419258	-0.004937	0.001811
20.451226	-0.007657	0.001816
20.483194	-0.007392	0.001808
20.515248	0.001456	0.001808
20.547216	-0.003996	0.001801
20.580221	0.00207	0.001796
20.612189	-0.00394	0.001801
20.644243	-0.002401	0.001815
20.676211	-0.006209	0.001822
20.708179	-0.015448	0.001854