ksec_since_BJD2459546.66221244_B	rel_flux_T1_d(mag)	_d(mag)
0.000000000	0.003126076	0.001081073
0.182994000	-0.000888595	0.001074486
0.419996000	-0.005741298	0.001079351
0.573991000	0.006255231	0.001067530
0.679998000	-0.001341127	0.001075044
0.799992000	-0.003885084	0.001077590
1.000001000	0.003920908	0.001069915
1.036989000	-0.004305926	0.001067388
1.073986000	0.003257361	0.001070584
1.111000000	-0.000463998	0.001074265
1.147998000	0.001510270	0.001072322
1.184998000	0.001846828	0.001071997
1.221985000	0.007488796	0.001066450
1.259000000	0.008456930	0.001065507
1.296003000	0.006107842	0.001067821
1.332988000	0.011443608	0.001073111
1.369994000	0.012166221	0.001061896
1.407002000	0.008474811	0.001065518
1.444000000	0.008872266	0.001065135
1.480995000	0.005275330	0.001068675
1.517998000	-0.000672895	0.001074549
1.554988000	-0.002370470	0.001076237
1.591991000	0.000128180	0.001073771
1.628991000	-0.000099076	0.001074002
1.665978000	0.003805142	0.001070155
1.702996000	0.005675973	0.001068321
1.739985000	-0.000802705	0.001064082
1.776991000	0.002605297	0.001071358
1.813995000	-0.001151567	0.001064437
1.850986000	-0.005605731	0.001068817
1.887990000	-0.005299881	0.001068522
1.924993000	0.001558866	0.001061803
1.961984000	0.000970192	0.001062385
2.923976000	-0.000802970	0.001064270
2.960986000	-0.002161397	0.001065607
2.997983000	-0.000696459	0.001064176
3.034979000	-0.002886667	0.001066329
3.071978000	-0.007778627	0.001071147
3.108967000	-0.009425047	0.001072777
3.145974000	-0.009162297	0.001061803
3.182980000	-0.006188853	0.001069596
3.219980000	-0.001602588	0.001065095
3.256978000	-0.006039549	0.001069459
3.293966000	-0.001890877	0.001065387
3.330981000	-0.004073177	0.001067535
3.367964000	-0.001529189	0.001065043
3.404981000	-0.002259729	0.001065764
3.441971000	-0.001615233	0.001065137
3.478976000	-0.005453518	0.001068912
3.515968000	-0.006722051	0.001059469
3.552969000	-0.005411773	0.001058196
3.589978000	-0.004915174	0.001068396
3.626978000	-0.002294718	0.001065827
3.663988000	-0.006895725	0.001059657
3.700972000	-0.003106717	0.001055972
3.737974000	-0.006682936	0.001059459
3.774978000	-0.005832805	0.001069322
3.811968000	-0.003733336	0.001067262
3.848971000	-0.004006435	0.001067535
3.885977000	-0.007435805	0.001070915
3.922973000	-0.005215684	0.001068733
3.959972000	-0.002978764	0.001066539
3.996972000	0.000541280	0.001063092
4.033963000	-0.000710105	0.001064322
4.070965000	-0.000908073	0.001064520
4.107967000	-0.005193664	0.001068733
4.144967000	-0.001613229	0.001065220
4.181970000	-0.010147057	0.001062895
4.218972000	-0.011389542	0.001064115
4.255973000	-0.007617244	0.001060431
4.292963000	-0.007238035	0.001070767
4.329964000	-0.005232394	0.001058113
4.366971000	-0.003347882	0.001056283
4.403970000	-0.003941728	0.001056865
4.440964000	-0.004728303	0.001057634
4.477976000	-0.004670816	0.001057582
4.514962000	-0.003086146	0.001056044
4.551959000	-0.005860509	0.001058749
4.588961000	-0.009221449	0.001062034
4.625968000	-0.010087225	0.001062884
4.662964000	-0.008055084	0.001060902
4.699969000	-0.005598775	0.001058509
4.736960000	-0.006686594	0.001059573
4.773969000	-0.004126578	0.001057083
4.810958000	-0.003482009	0.001056460
4.847968000	-0.005872422	0.001058791
4.884964000	-0.002108780	0.001055132
4.921957000	-0.006721323	0.001048927
4.958956000	-0.008850731	0.001061708
4.995963000	-0.009952786	0.001062790
5.032951000	-0.010024346	0.001052132
5.069958000	-0.011633130	0.001053695
5.106972000	-0.006050168	0.001058989
5.143967000	-0.008210600	0.001061101
5.180954000	-0.008668287	0.001050834
5.217955000	-0.006585560	0.001059521
5.254956000	-0.003833761	0.001046174
5.291959000	-0.006428762	0.001059375
5.328966000	-0.010630228	0.001052747
5.365964000	-0.011745160	0.001053831
5.402957000	-0.009162803	0.001051332
5.439957000	-0.008998486	0.001051176
5.476953000	-0.006754612	0.001049010
5.513957000	-0.005616732	0.001047915
5.550962000	-0.009858238	0.001052018
5.587961000	-0.003857160	0.001046225
5.624955000	-0.004527062	0.001057551
5.661954000	-0.004107149	0.001046472
5.698947000	-0.006221380	0.001048514
5.735947000	-0.007717887	0.001060671
5.772950000	-0.005519593	0.001058530
5.809966000	-0.005056619	0.001058082
5.846961000	-0.004262582	0.001057312
5.883958000	-0.003607954	0.001046009
5.920953000	-0.001300796	0.001054439
5.957957000	-0.000083707	0.001053261
5.994954000	-0.004058299	0.001057125
6.031949000	-0.000588862	0.001053756
6.068951000	-0.002877945	0.001055982
6.105961000	-0.008342030	0.001050595
6.142946000	-0.004784121	0.001057842
6.179951000	-0.006332518	0.001059354
6.216949000	-0.006415357	0.001059438
6.253946000	-0.002543681	0.001055671
6.290951000	-0.002636942	0.001055764
6.327958000	-0.002058207	0.001055205
6.364945000	0.000522086	0.001052704
6.401954000	-0.005909283	0.001048266
6.438954000	-0.004879735	0.001057957
6.475944000	-0.010601495	0.001052809
6.512944000	-0.007004200	0.001060033
6.549946000	-0.007623117	0.001049931
6.586945000	-0.007695577	0.001050004
6.623945000	-0.005786633	0.001048163
6.660948000	-0.004500781	0.001057603
6.697940000	-0.001754918	0.001044285
6.734944000	-0.004046997	0.001046493
6.771951000	-0.005530582	0.001047925
6.808950000	-0.001502372	0.001044049
6.845946000	-0.004563321	0.001046997
6.882941000	-0.007322155	0.001049662
6.919952000	-0.005660074	0.001048060
6.956946000	-0.009903084	0.001052164
6.993945000	-0.005174037	0.001047595
7.030948000	-0.005877834	0.001048276
7.067943000	-0.008136003	0.001050460
7.104947000	-0.004696739	0.001047142
7.141944000	-0.004993880	0.001047430
7.178941000	-0.001543243	0.001044110
7.215946000	-0.003963420	0.001046441
7.252944000	-0.008425285	0.001050751
7.289946000	-0.006536805	0.001048927
7.326941000	-0.010289152	0.001052559
7.363945000	-0.008590572	0.001040198
7.400947000	-0.004914733	0.001047368
7.437938000	-0.005757721	0.001048184
7.474940000	-0.000450318	0.001043077
7.511933000	-0.003583565	0.001046092
9.398926000	-0.004855183	0.001047389
9.435927000	-0.007820191	0.001050253
9.472923000	-0.002162070	0.001044797
9.509917000	-0.004841720	0.001047379
9.546924000	-0.005450487	0.001047967
9.582919000	-0.010328502	0.001052684
9.619925000	-0.009146141	0.001051540
9.656925000	-0.008469208	0.001050885
9.693917000	-0.007342492	0.001049797
9.730918000	-0.010421960	0.001052778
9.767918000	-0.009475796	0.001051862
9.804916000	-0.005562557	0.001048080
9.841916000	-0.006653760	0.001049134
9.878922000	-0.006321071	0.001048814
9.915923000	-0.008431783	0.001050854
9.952912000	-0.010621869	0.001052976
9.989914000	-0.010825486	0.001053174
10.026923000	-0.008472739	0.001050896
10.063914000	-0.008010893	0.001050450
10.100918000	-0.006028156	0.001048535
10.137916000	-0.007966830	0.001050408
10.174919000	-0.000315171	0.001043036
10.211920000	-0.008770306	0.001051187
10.248916000	-0.009285027	0.001051685
10.285917000	-0.009875207	0.001052257
10.322911000	-0.012326792	0.001054635
10.359919000	-0.016122880	0.001047534
10.396914000	-0.014707968	0.001046171
10.433922000	-0.012723916	0.001044262
10.470910000	-0.002731282	0.001045362
10.507918000	-0.005830226	0.001048349
10.544909000	-0.003958518	0.001046544
10.581904000	-0.006097113	0.001037912
10.618912000	-0.004492188	0.001047059
10.655916000	-0.000629185	0.001043343
10.692912000	-0.010494236	0.001042123
10.729917000	-0.009054598	0.001040743
10.766909000	-0.009075816	0.001040764
10.803911000	-0.005699421	0.001048225
10.840920000	-0.004415810	0.001046987
10.877916000	-0.003325917	0.001045937
10.914909000	-0.003678174	0.001046277
10.951903000	0.001617720	0.001041188
10.988917000	-0.003090563	0.001045711
11.025903000	0.000554507	0.001042208
11.062912000	0.003009637	0.001039855
11.099908000	0.000671716	0.001042096
11.136910000	-0.002108494	0.001044767
11.173906000	-0.002588530	0.001045228
11.210912000	0.000171698	0.001042576
11.247906000	-0.002705890	0.001045341
11.284904000	-0.004842385	0.001047399
11.321897000	-0.000967816	0.001043670
11.358909000	0.000097089	0.001042647
11.395912000	-0.003934031	0.001046524
11.432900000	-0.003538887	0.001046143
11.469911000	-0.003389489	0.001045999
11.506908000	-0.007315758	0.001049786
11.543904000	-0.003154866	0.001045773
11.580907000	-0.006223463	0.001048731
11.617899000	-0.004073771	0.001046658
11.654910000	0.000149188	0.001042596
11.691917000	-0.000425958	0.001043148
11.728904000	-0.000873573	0.001043578
11.765900000	-0.000543617	0.001043261
11.802902000	-0.000448050	0.001043169
11.839908000	0.000211729	0.001053168
11.876905000	-0.002089966	0.001044746
11.913898000	-0.008261981	0.001050699
11.950898000	-0.006622409	0.001049114
11.987895000	-0.004301112	0.001046874
12.024904000	-0.002763593	0.001045393
12.061892000	-0.004291238	0.001046863
12.098902000	-0.001047547	0.001043742
12.135905000	-0.001826134	0.001044490
12.172900000	-0.005126543	0.001047667
12.209890000	-0.005426556	0.001047956
12.246896000	-0.008791634	0.001051207
12.283899000	-0.009253732	0.001051654
12.320900000	-0.010414427	0.001052778
12.357898000	-0.007742080	0.001050191
12.394896000	-0.007388920	0.001049849
12.431896000	-0.005793729	0.001048307
12.468895000	-0.001863083	0.001044520
12.505899000	0.000947791	0.001041820
12.542891000	0.002976690	0.001039876
12.579901000	-0.002526419	0.001045156
12.616894000	-0.004160862	0.001046730
12.653892000	-0.009088337	0.001051488
12.690894000	-0.006997835	0.001049465
12.727899000	-0.006206053	0.001048700
12.764894000	-0.001762170	0.001044418
12.801887000	-0.003342160	0.001056605
12.838902000	-0.005095584	0.001047626
12.875884000	-0.003845804	0.001046421
12.912888000	0.000907490	0.001041851
12.949886000	0.000034088	0.001042688
12.986894000	0.002064440	0.001040740
13.023886000	-0.006748299	0.001049217
13.060897000	-0.004812189	0.001047348
13.097889000	-0.006707350	0.001049176
13.134941000	-0.004301014	0.001046853
13.171893000	-0.005542448	0.001048049
13.208893000	-0.000675405	0.001043363
13.245891000	-0.002808870	0.001045413
13.282882000	-0.003503868	0.001046081
13.319883000	-0.002533551	0.001045146
13.356894000	-0.008429730	0.001050834
13.393884000	-0.009837124	0.001052195
13.430893000	-0.010182053	0.001052528
13.467897000	-0.006707308	0.001038465
13.504891000	-0.003809690	0.001046369
13.541893000	-0.000174290	0.001042872
13.578886000	-0.002285594	0.001044900
13.615876000	-0.007215662	0.001049652
13.652886000	-0.004690904	0.001047214
13.689880000	-0.000903487	0.001043568
13.726891000	-0.001021981	0.001043680
13.763895000	-0.001502876	0.001044141
13.800880000	-0.005680145	0.001048163
13.837878000	-0.008789150	0.001051166
13.874887000	-0.006667789	0.001049114
13.911882000	-0.003695768	0.001046246
13.948881000	-0.005033149	0.001047533
13.985877000	-0.002097635	0.001044705
14.022883000	0.000649094	0.001042065
14.059890000	0.002985548	0.001039825
14.096884000	-0.000290469	0.001042964
14.133881000	0.001367768	0.001041372
14.170890000	-0.005020695	0.001047513
14.207880000	-0.006349130	0.001048793
14.244872000	-0.005184260	0.001047667
14.281885000	-0.006973506	0.001049393
14.318876000	-0.006471721	0.001048907
14.355885000	-0.002294473	0.001044879
14.392882000	-0.004816510	0.001047307
14.429876000	0.003298659	0.001050112
14.466875000	-0.003430838	0.001045968
14.503871000	0.001032443	0.001041678
14.540872000	-0.004267539	0.001046771
14.577877000	-0.009056708	0.001051394
14.614879000	-0.005693335	0.001048142
14.651873000	-0.013416190	0.001055619
14.688870000	-0.009964150	0.001052268
14.725874000	-0.008806421	0.001051145
14.762879000	-0.006856980	0.001049258
14.799879000	-0.004173515	0.001046668
14.836867000	0.001834489	0.001040893
14.873868000	-0.001424024	0.001044018
14.910888000	-0.005045202	0.001047502
14.947876000	-0.005421536	0.001047864
14.984878000	-0.008573213	0.001050906
15.021872000	-0.005725145	0.001048153
15.058874000	-0.005566693	0.001047998
15.095874000	-0.004798710	0.001047255
15.132866000	-0.002003251	0.001044561
15.169870000	0.001295424	0.001041392
15.206899000	-0.000228089	0.001042852
15.243864000	-0.003354148	0.001045855
15.280873000	-0.002545167	0.001055733
15.317872000	-0.008720994	0.001051031
15.354875000	-0.007007776	0.001049372
15.391867000	-0.007470780	0.001049818
15.428867000	-0.008180641	0.001050502
15.465863000	-0.006864610	0.001049227
15.502872000	-0.005518102	0.001058613
15.539878000	-0.007672925	0.001060713
15.576875000	-0.006175591	0.001059250
15.613872000	-0.001669954	0.001054863
15.650875000	-0.004554477	0.001057665
15.687868000	-0.004749319	0.001057853
15.724869000	-0.011357226	0.001053560
15.761870000	-0.005920143	0.001058989
15.798866000	-0.008193852	0.001050491
15.835859000	-0.008593250	0.001050875
15.872864000	-0.002647126	0.001045136
15.909868000	-0.003781279	0.001046225
15.946861000	-0.005109108	0.001047502
15.983861000	0.001115656	0.001052137
16.020870000	-0.001804281	0.001044315
16.057859000	0.000121059	0.001053096
16.094865000	-0.005964853	0.001048318
16.131855000	-0.011030825	0.001053216
16.168863000	-0.009443381	0.001051675
16.205860000	-0.004796430	0.001057863
16.242860000	-0.006778793	0.001059793
16.279859000	-0.004417214	0.001046812
16.316862000	-0.005853033	0.001048194
16.353860000	-0.003728466	0.001046143
16.390854000	-0.005377320	0.001058415
16.427856000	-0.005198397	0.001058238
16.464867000	-0.003320723	0.001045742
16.501859000	-0.006638276	0.001048938
16.538856000	-0.006223694	0.001048535
16.575863000	-0.005927009	0.001048245
16.612858000	-0.005534145	0.001058551
16.649865000	-0.004136704	0.001057187
16.686855000	-0.000204573	0.001053364
16.723857000	-0.002136165	0.001055236
16.765865000	-0.003697793	0.001056750
16.802866000	-0.002420165	0.001055505
16.839857000	-0.000324002	0.001053467
16.876863000	-0.005920220	0.001058905
16.913854000	-0.005527574	0.001058520
16.950859000	-0.005958806	0.001058937
16.987850000	-0.005213233	0.001058207
17.024862000	-0.003699027	0.001056730
17.061859000	-0.004012101	0.001057031
17.098863000	-0.002339633	0.001055401
17.135865000	-0.001681937	0.001054759
17.172851000	-0.000864890	0.001053963
17.209851000	-0.003801378	0.001056813
17.246860000	-0.004499269	0.001057489
17.283853000	-0.008582122	0.001061467
17.320856000	-0.005522002	0.001058478
17.357858000	-0.005429276	0.001058384
17.394854000	-0.008185192	0.001061069
17.431855000	-0.004036174	0.001057021
17.468846000	-0.003196233	0.001056200
17.505863000	-0.002452968	0.001055474
17.542856000	-0.001358548	0.001054408
17.579852000	-0.000201395	0.001063915
17.616845000	-0.000407392	0.001064114
17.653849000	-0.004293355	0.001067923
17.690854000	-0.004425365	0.001068049
17.727848000	-0.004888765	0.001068501
17.764847000	-0.000167116	0.001063863
17.801841000	-0.002909909	0.001066549
17.838845000	-0.004857622	0.001068459
17.875855000	0.000236213	0.001063457
17.912844000	0.004914288	0.001058883
17.949849000	-0.002541603	0.001066172
17.986844000	-0.000680504	0.001064343
18.023850000	-0.003093812	0.001066706
18.060846000	-0.007846759	0.001060671
18.097840000	-0.007690084	0.001060514
18.134853000	-0.002999402	0.001066601
18.171848000	-0.003889635	0.001056802
18.208854000	0.001401185	0.001051663
18.245849000	-0.000081333	0.001053096
18.282847000	0.000765483	0.001062895
18.319844000	0.001324668	0.001062343
18.356840000	-0.004904576	0.001057770
18.393839000	-0.003456083	0.001067021
18.430842000	-0.012486600	0.001065170
18.467848000	-0.011501112	0.001064200
18.504849000	-0.006141436	0.001058958
18.541846000	-0.008878282	0.001061625
18.578842000	-0.008142745	0.001060902
18.615840000	-0.004967668	0.001057801
18.800838000	-0.004905244	0.001068396
18.837840000	-0.007907075	0.001060640
18.874847000	-0.009467156	0.001062160
18.911844000	-0.006941631	0.001059688
18.948845000	-0.002905912	0.001066413
18.985844000	-0.003850067	0.001067335
19.022831000	-0.003246433	0.001066738
19.059846000	-0.001502445	0.001065022
19.096832000	0.001663300	0.001061917
19.133830000	-0.003442714	0.001066916
19.170833000	-0.005231815	0.001057988
19.207835000	-0.008288351	0.001060964
19.244851000	-0.008529340	0.001061195
19.281844000	-0.000808280	0.001064312
19.318833000	-0.006728688	0.001059427
19.355839000	-0.007644302	0.001060315
19.392836000	-0.004460990	0.001057208
19.429828000	-0.000722591	0.001064207
19.466827000	-0.003606457	0.001067031
19.503834000	0.001181626	0.001062333
19.540840000	0.000857367	0.001062645
19.577838000	-0.009434884	0.001062034
19.614832000	-0.008957439	0.001072279
19.651830000	-0.014566670	0.001067052
19.688836000	-0.010320982	0.001062884
19.725837000	-0.008019555	0.001071338
19.762835000	-0.008904413	0.001061488
19.799838000	-0.005450607	0.001068796
19.836834000	-0.006408364	0.001059041
19.873825000	-0.001150440	0.001064562
19.910834000	-0.004495006	0.001067839
19.947838000	-0.007946357	0.001071232
19.984833000	-0.010237405	0.001073488
20.021850000	-0.006683341	0.001069976
20.058837000	-0.004956379	0.001068270
20.095825000	-0.007637569	0.001070904
20.132829000	-0.007889974	0.001071147
20.169835000	-0.006974712	0.001070239
20.206821000	-0.003709124	0.001067021
20.243828000	-0.007136720	0.001070387
20.280833000	0.002367955	0.001061056
20.317827000	-0.001700996	0.001065032
20.354835000	-0.002005576	0.001065325
20.391828000	-0.008490126	0.001071697
20.428833000	-0.008357011	0.001071560
20.465825000	-0.012563296	0.001075711
20.502829000	-0.006463020	0.001069680
20.539831000	-0.008386771	0.001071570
20.576830000	-0.005459617	0.001068680
20.613827000	-0.005722725	0.001068933
20.650829000	-0.005429833	0.001068638
20.687821000	-0.006506077	0.001069691
20.724827000	-0.005849341	0.001069038
20.761822000	-0.009788396	0.001072915
20.798828000	-0.008014622	0.001071158
20.835830000	-0.010929509	0.001074029
20.872816000	-0.012592364	0.001075668
20.909826000	-0.013072808	0.001076137
20.946824000	0.000306623	0.001073581
20.983814000	-0.001808008	0.001065022
21.020825000	-0.000036955	0.001063280
21.057821000	-0.004104608	0.001067262
21.094824000	-0.010011148	0.001073074
21.131821000	-0.012092264	0.001075125
21.168818000	-0.010809370	0.001073849
21.205824000	-0.012020518	0.001075040
21.242820000	-0.009352860	0.001083114
21.279822000	-0.007634089	0.001070693
21.316823000	-0.004154825	0.001077929
21.353832000	0.000504676	0.001073308
21.390814000	0.001028744	0.001072783
21.427814000	-0.005256047	0.001079001
21.464826000	-0.004035072	0.001077781
21.501819000	-0.002559617	0.001076311
21.538813000	-0.009101210	0.001072089
21.575811000	-0.006109674	0.001079819
21.649817000	0.000571642	0.001073182
21.686816000	-0.001788114	0.001075508
21.723807000	-0.001050444	0.001074770
21.760816000	0.000282293	0.001073445
21.797812000	-0.001151470	0.001074855
21.834811000	-0.001127531	0.001085460
21.871816000	-0.004644138	0.001078300
21.908807000	-0.008944013	0.001082569
21.945816000	-0.014489048	0.001088101
21.982821000	-0.016773947	0.001090384
22.019806000	-0.008646976	0.001082248
22.056807000	-0.009760085	0.001083350
22.093814000	-0.012261047	0.001085838
22.130808000	-0.009165354	0.001082740
22.167813000	-0.001649188	0.001075266
22.204819000	0.000353542	0.001083898
22.241805000	-0.000516560	0.001084758
22.278815000	-0.007774045	0.001081320
22.315804000	-0.007836303	0.001081373
24.207786000	-0.007595910	0.001101993
24.244800000	-0.012048895	0.001106507
24.281789000	-0.012104267	0.001106551
24.318789000	-0.007461789	0.001101820
24.355800000	-0.005752573	0.001100075
24.392787000	0.000510527	0.001104351
24.429788000	-0.003216373	0.001108133
24.466793000	-0.003218526	0.001108123
24.503783000	-0.010054192	0.001115104
24.540791000	-0.005795261	0.001110728
24.577793000	-0.021695875	0.001116260
24.614790000	-0.023803771	0.001118415
24.651785000	-0.007246182	0.001112172
24.688783000	-0.007420042	0.001112336
24.725790000	-0.003321398	0.001108133
24.762794000	-0.000875141	0.001105627
24.799786000	-0.001346241	0.001106093
24.836789000	-0.002413943	0.001107166
24.873789000	-0.004549444	0.001109331
24.910785000	0.000472828	0.001114812
24.947781000	-0.009883704	0.001114763
24.984787000	-0.015833893	0.001120871
25.021783000	-0.008475945	0.001113290
25.058789000	-0.000274582	0.001115521
25.095792000	-0.001171620	0.001116427
25.132779000	-0.003124016	0.001118421
25.169784000	-0.002286421	0.001117544
25.206788000	-0.006686650	0.001122064
25.243784000	0.001319763	0.001135014
25.280783000	-0.001564533	0.001138016
25.317783000	-0.006154313	0.001142818
25.354787000	-0.002744636	0.001149862
25.391785000	-0.010725186	0.001136885
25.428782000	-0.006755987	0.001132723
25.465784000	-0.008954782	0.001145704
25.502789000	-0.004192150	0.001172640
25.539787000	-0.005008136	0.001162841
25.576787000	-0.005013312	0.001162830