ALL KS
0.0000000000
0.0319679618
0.0640223846
0.0959903866
0.1279583886
0.1600127712
0.1919807732
0.2239487752
0.2560031980
0.2879712001
0.3199391618
0.3519935846
0.3839615867
0.4160159692
0.4479839712
0.4799519733
0.5120063961
0.5439743981
0.5759424001
0.6079967827
0.6399647847
0.6719327867
0.7039871693
0.7359551713
0.7680095941
0.7999775961
0.8319455981
0.8639999807
0.8959679827
0.9279359847
0.9599903673
0.9919583693
1.0239263713
1.0559807941
1.0879487962
1.1199167982
1.1519711807
1.1839391828
1.2159935653
1.2479615673
1.2799295694
1.3119839922
1.3439519942
1.3759199962
1.4079743788
1.4399423808
1.4719103828
1.5039647654
1.5359327674
1.5679007694
1.5999551922
1.6319231942
1.6638911963
1.6959455788
1.7279135808
1.7599679634
1.7919359654
1.8239039674
1.8559583902
1.8879263923
1.9198943943
1.9519487768
1.9839167789
2.0158847809
2.0479391635
2.0799071655
2.1119615883
2.1439295903
2.1758975923
2.2079519749
2.2399199769
2.2718879789
2.3039423615
2.3359103635
2.3678783655
2.3999327883
2.4319007903
2.4638687924
2.4959231749
2.5278911769
2.5599455997
2.5919135615
2.6238815635
2.6568863735
2.6888543755
2.7209087983
2.7528768003
2.7849311829
2.8168991849
2.8488671869
2.8809215695
2.9128895715
2.9448575735
2.9769119963
3.0088799983
3.0408480004
3.0729023829
3.1048703849
3.1368383870
3.1688927695
3.2008607715
3.2329151943
3.2648831964
3.2968511984
3.3289055809
3.3608735830
3.3928415850
3.4248959675
3.4568639696
3.4888319716
3.5208863944
3.5528543964
3.5848223984
3.6168767810
3.6488447830
3.6808991656
3.7128671676
3.7448351696
3.7768895924
3.8088575944
3.8408255965
3.8728799790
3.9048479810
3.9368159831
3.9688703656
4.0008383676
4.0328063697
4.0648607925
4.0968287945
4.1288831770
4.1608511791
4.1938559890
4.2258239910
4.2578783736
4.2898463756
4.3218143776
4.3538688004
4.3858367622
4.4178047642
4.4498591870
4.4818271890
4.5137951911
4.5458495736
4.5778175756
4.6097855777
4.6418400005
4.6738079622
4.7057759643
4.7378303871
4.7697983891
4.8018527716
4.8338207737
4.8657887757
4.8978431985
4.9298112005
4.9617791623
4.9938335851
5.0258015871
5.0577695891
5.0898239717
5.1217919737
5.1537599757
5.1858143985
5.2177824006
5.2507871702
5.2827551723
5.3148095951
5.3467775971
5.3787455991
5.4107999817
5.4427679837
5.4737855986
5.5057536006
5.5378079832
5.5697759852
5.6017439872
5.6337983698
5.6657663718
5.6978207946
5.7297887966
5.7617567986
5.7938111812
5.8257791832
5.8577471852
5.8898015678
5.9217695698
5.9537375718
5.9857919946
6.0177599967
6.0497279987
6.0817823812
6.1137503833
6.1457183853
6.1777727678
6.2097407699
6.2417951927
6.2737631947
6.3057311967
6.3377855793
6.3697535813
6.4017215833
6.4337759659
6.4657439679
6.4977119699
6.5297663927
6.5617343947
6.5937023968
6.6257567793
6.6577247813
6.6897791639
6.7217471659
6.7537151679
6.7857695907
6.8177375928
6.8497055948
6.8817599773
6.9137279794
6.9456959814
6.9777503640
7.0097183660
7.0417727888
7.0737407908
7.1057087928
7.1377631754
7.1697311774
7.2016991794
7.2337535620
7.2657215640
7.2976895660
7.3297439888
7.3617119908
7.3936799929
7.4257343754
7.4577023774
7.4896703795
7.5217247620
7.5536927640
7.5856607661
7.6177151889
7.6496831909
7.6817375734
7.7137055755
7.7456735775
7.7777280003
7.8096959621
7.8416639641
7.8737183869
7.9056863889
7.9376543909
7.9697087735
8.0016767755
8.0337311983
8.0656992003
8.0976671621
8.1297215849
8.1616895869
8.1936575890
8.2257119715
8.2576799735
8.2896479756
8.3217023984
8.3536704004
8.3856383622
8.4176927850
8.4496607870
8.4817151696
8.5136831716
8.5456511736
8.5777055964
8.6096735984
8.6416416004
8.6736959830
8.7056639850
8.7376319870
8.7696863696
8.8016543716
8.8336223736
8.8656767964
8.8976447985
8.9296991810
8.9616671830
8.9936351851
9.0256895676
9.0576575697
9.0896255717
9.1216799945
9.1536479965
9.1856159985
9.2176703811
9.2496383831
9.2816063851
9.3136607677
9.3456287697
9.3776831925
9.4096511945
9.4416191965
9.4736735791
9.5056415811
9.5376095831
9.5696639657
9.6016319677
9.6335999697
9.6656543925
9.6976223946
9.7295903966
9.7616447792
9.7936991617
9.8255807832
9.8576351658
9.8896031678
9.9216575906
9.9536255926
9.9855935946
10.0176479772
10.0496159792
10.0815839812
10.1136383638
10.1456063658
10.1775743678
10.2096287906
10.2415967926
10.2735647947
10.3056191772
10.3375871792
10.3696415618
10.4016095638
10.4335775659
10.4656319886
10.4975999907
10.5295679927
10.5616223753
10.5935903773
10.6255583793
10.6576127619
10.6895807639
10.7215487659
10.7536031887
10.7855711907
10.8175391927
10.8495935753
10.8815615773
10.9136160001
10.9455839619
10.9775519639
11.0096063867
11.0415743887
11.0735423908
11.1055967733
11.1375647754
11.1695327774
11.2015872002
11.2335551620
11.2655231640
11.2975775868
11.3295455888
11.3615999714
11.3935679734
11.4255359754
11.4575903982
11.4895584002
11.5215263620
11.5535807848
11.5855487868
11.6175167888
11.6495711714
11.6815391734
11.7135935962
11.7455615982
11.7775296003
11.8095839828
11.8415519849
11.8735199869
11.9065247968
11.9385791794
11.9705471814
12.0025151834
12.0345695660
12.0665375680
12.0985055700
12.1305599928
12.1625279948
12.1944959968
12.2265503794
12.2585183814
12.2904863834
12.3225407660
12.3545087680
12.3865631908
12.4185311928
12.4515359625
12.4835039645
12.5155583873
12.5475263894
12.5794943914
12.6115487739
12.6435167760
12.6745343909
12.7065023929
12.7385567755
12.7705247775
12.8024927795
12.8344607815
12.8665151641
12.8984831661
12.9305375889
12.9625055909
12.9944735929
13.0265279755
13.0584959775
13.0904639795
13.1225183621
13.1544863641
13.1865407869
13.2185087889
13.2504767910
13.2824447930
13.3144991756
13.3464671776
13.3785216004
13.4115263701
13.4434943721
13.4754623741
13.5075167969
13.5394847989
13.5714528009
13.6035071835
13.6354751855
13.6674431875
13.6994975701
13.7314655721
13.7634335741
13.7954879969
13.8274559990
13.8595103815
13.8914783835
13.9234463856
13.9555007681
13.9874687702
14.0194367722
14.0514911950
14.0834591970
14.1154271990
14.1474815816
14.1794495836
14.2114175856
14.2434719682
14.2754399702
14.3074079722
14.3394623950
14.3714303970
14.4034847796
14.4354527816
14.4674207836
14.4994751662
14.5314431682
14.5634111702
14.5954655930
14.6274335951
14.6594015971
14.6914559797
14.7234239817
14.7554783642
14.7874463663
14.8194143683
14.8514687911
14.8834367931
14.9154047951
14.9474591777
14.9794271797
15.0113951817
15.0434495643
15.0754175663
15.1073855683
15.1394399911
15.1714079931
15.2034623757
15.2354303777
15.2673983797
15.2994527623
15.3314207643
15.3633887664
15.3954431891
15.4274111912
15.4593791932
15.4914335758
15.5234015778
15.5553695798
15.5874239624
15.6193919644
15.6513599664
15.6834143892
15.7153823912
15.7474367738
15.7794047758
15.8113727778
15.8434272006
15.8753951624
15.9073631644
15.9394175872
15.9724223971
16.0043903992
16.0363584012
16.0684127837
16.1003807858
16.1323487878
16.1644031704
16.1963711724
16.2283391744
16.2603935972
16.2923615992
16.3244159818
16.3563839838
16.3883519858
16.4204063684
16.4523743704
16.4843423724
16.5163967952
16.5483647972
16.5803327993
16.6123871818
16.6443551838
16.6763231859
16.7083775684
16.7403455705
16.7723135725
16.8043679953
16.8363359973
16.8683903799
16.9003583819
16.9323263839
16.9643807665
16.9963487685
17.0283167705
17.0603711933
17.0923391953
17.1243071973
17.1563615799
17.1883295819
17.2203839645
17.2523519665
17.2843199685
17.3163743913
17.3483423933
17.3803103954
17.4123647779
17.4443327799
17.4763007820
17.5083551645
17.5413599744
17.5733279765
17.6052959785
17.6373504013
17.6693183631
17.7012863651
17.7333407879
17.7653087899
17.7972767919
17.8293311745
17.8612991765
17.8933535993
17.9253216013
17.9572895631
17.9893439859
18.0213119879
18.0532799900
18.0853343725
18.1173023745
18.1492703766
18.1813247994
18.2132928014
18.2453471839
18.2773151860
18.3092831880
18.3413375706
18.3733055726
18.4052735746
18.4373279974
18.4692959994
18.5012640014
18.5333183840
18.5652863860
18.5972543880
18.6293087706
18.6612767726
18.6932447746
18.7252991974
18.7572671995
18.7892352015
18.8212895840
18.8532575861
18.8853119686
18.9172799707
18.9492479727
18.9813023955
19.0132703975
19.0452383995
19.0772927821
19.1092607841
19.1412287861
19.1732831687
19.2052511707
19.2372191727
19.2692735955
19.3012415975
19.3332959801
19.3652639821
19.3972319841
19.4292863667
19.4612543687
19.4932223707
19.5252767935
19.5572447956
19.5902495652
19.6222175673
19.6542719901
19.6862399921
19.7182079941
19.7502623767
19.7822303787
19.8142848015
19.8462527633
19.8752831832
19.9072511852
19.9392191872
19.9712735698
20.0032415718
20.0352095738
20.0672639966
20.0992319986
20.1312000006
20.1632543832
20.1952223852
20.2271903873
20.2592447698
20.2912127718
20.3231807739
20.3552351967
20.3872031987
20.4192575812
20.4512255833
20.4831935853
20.5152479678
20.5472159699
20.5802207798
20.6121887818
20.6442431644
20.6762111664
20.7081791684
83.5662527874
83.5932959721
83.6202527762
83.6472960010
83.6742527649
83.7012959898
83.7282527939
83.7552959785
83.7822527826
83.8092959672
83.8362527713
83.8632959962
83.8902528003
83.9172095642
83.9442527890
83.9722464010
83.9992031649
84.0262463898
84.0532895744
84.0802463785
84.1072031826
84.1342463672
84.1612031713
84.1882463962
84.2152032003
84.2432831928
84.2702399969
84.2972831816
84.3242399856
84.3511967897
84.3782399744
84.4051967785
84.4322399631
84.4591967672
84.4862399921
84.5131967962
84.5402399808
84.5671967849
84.5942399696
84.6211967737
84.6482399985
84.6782207653
84.7052639902
84.7322207943
84.7592639789
84.7862207830
84.8132639676
84.8402207717
84.8671775758
84.8942208007
84.9211775646
84.9482207894
84.9751775935
85.0022207782
85.0291775823
85.0562207669
85.0831775710
85.1102207959
85.1371776000
85.1642207846
85.1911775887
85.2182207733
85.2451775774
85.2722207621
85.2991775662
85.3262207910
85.3531775951
85.3802207798
85.4071775839
85.4342207685
85.4611775726
85.4882207975
85.5151776016
85.5422207862
85.5691775903
85.5962207750
85.6231775791
85.6502207637
85.6771775678
85.7042207927
85.7311775968
85.7582207814
85.7851775855
85.8122207701
85.8391775742
85.8662207991
85.8931775630
85.9201343671
85.9471775919
85.9741343960
86.0011775807
86.0281343848
86.0551775694
86.0821343735
86.1091775984
86.1361343622
86.1631775871
86.1901343912
86.2171775758
86.2441343799
86.2711775646
86.2981343687
86.3251775935
86.3521343976
86.3791775823
86.4061343864
86.4331775710
86.4601343751
86.4871776000
86.5141343638
86.5411775887
86.5681343928
86.5951775774
86.6221343815
86.6491775662
86.6761343703
86.7031775951
86.7301343992
86.7571775839
86.7841343880
86.8110911921
86.8381343767
86.8651776016
86.8921343654
86.9191775903
86.9461343944
86.9730911985
87.0001343831
87.0270911872
87.0541343719
87.0810911760
87.1081344008
87.1350911647
87.1621343896
87.1890911937
87.2161343783
87.2430911824
87.2701343671
87.2970911712
87.3241343960
87.3510912001
87.3781343848
87.4050911889
87.4321343735
87.4590911776
87.4861343622
87.5130911663
87.5401343912
87.5670911953
87.5941343799
87.6210911840
87.6481343687
87.6750911728
87.7021343976
87.7301279694
87.7570847735
87.7841279984
87.8110847622
87.8381279871
87.8650847912
87.8921279758
87.9190847799
87.9461279646
87.9730847687
88.0010783806
88.0281215653
88.0550783694
88.0821215943
88.1090783984
88.1361215830
88.1630783871
88.1901215717
88.2170783758
88.2441216007
88.2710783646
88.2980351687
88.3250783935
88.3520351976
88.3790783823
88.4060351864
88.4330783710
88.4600351751
88.4870784000
88.5140351638
88.5410783887
88.5680351928
88.5950783774
88.6220351815
88.6490783662
88.6760351703
88.7030783951
88.7300351992
88.7570783839
88.7840351880
88.8110783726
88.8380351767
88.8650784016
169.1743103921
169.1963423789
169.2182879850
169.2403199717
169.2623519987
169.2842975646
169.3063295916
169.3282751977
169.3503071845
169.3723391712
169.3942847773
169.4163167641
169.4383487910
169.4602943972
169.4823263839
169.5043583706
169.5263039768
169.5483359635
169.5702815697
169.5923135966
169.6143455833
169.6362911895
169.6583231762
169.6802687824
169.7023007691
169.7243327960
169.7462783620
169.7683103889
169.7903423756
169.8122879818
169.8343199685
169.8562655747
169.8782975614
169.9003295884
169.9222751945
169.9443071812
169.9662527874
169.9882847741
170.0103168011
170.0322623670
170.0542943940
170.0763263807
170.0982719868
170.1203039736
170.1422495797
170.1642815664
170.1863135934
170.2082591996
170.2302911863
170.2523231730
170.2742687792
170.2963007659
170.3182463720
170.3402783990
170.3623103857
170.3842559919
170.4062879786
170.4282335848
170.4502655715
170.4722975984
170.4942431644
170.5162751913
170.5382207975
170.5602527842
170.5822847709
170.6042303771
170.6262623638
170.6482943907
170.6702399969
170.6922719836
170.7143039703
170.7362495765
170.7582815632
170.7802271694
170.8022591963
170.8242911831
170.8462367892
170.8682687759
170.8903007627
170.9122463688
170.9342783958
170.9562239617
170.9782559887
171.0002879754
171.0222335815
171.0442655683
171.0662111744
171.0932543993
171.1151999652
171.1372319922
171.1592639789
171.1812095851
171.2032415718
171.2252735987
171.2472191647
171.2692511916
171.2911967978
171.3132287845
171.3352607712
171.3572063774
171.3792383641
171.4012703911
171.4232159972
171.4452479839
171.4671935901
171.4892255768
171.5112575635
171.5332031697
171.5552351967
171.5772671834
171.5992127895
171.6212447763
171.6431903824
171.6652223691
171.6872543961
171.7091999620
171.7312319890
171.7532639757
171.7752095819
171.7972415686
171.8191871747
171.8412191615
171.8632511884
171.8851967946
171.9072287813
171.9291743875
171.9512063742
171.9732384011
171.9951839671
172.0172159940
172.0392479807
172.0611935869
172.0832255736
172.1051711798
172.1272031665
172.1492351934
172.1711807996
172.1932127863
172.2151583925
172.2371903792
172.2592223659
172.2811679721
172.3031999990
172.3251455650
172.3471775919
172.3692095786
172.3911551848
172.4131871715
172.4352191985
172.4571647644
172.4791967914
172.5012287781
172.5231743842
172.5452063710
172.5671519771
172.5891839638
172.6112159908
172.6331615970
172.6551935837
172.6772255704
172.6991711766
172.7212031633
172.7431487694
172.7651807964
172.7872127831
172.8091583893
172.8311903760
172.8532223627
172.8751679689
172.8971999958
172.9191455618
172.9411775887
172.9632095754
172.9851551816
173.0071871683
173.0291327745
173.0511648014
173.0731967881
173.0951423943
173.1171743810
173.1391199872
173.1611519739
173.1831840009
173.2051295668
173.2271615937
173.2491935805
173.2711391866
173.2931711733
173.3151167795
173.3371487662
173.3591807932
173.3811263993
173.4031583861
173.4251903728
173.4471359789
173.4691679657
173.4911135718
173.5131455988
173.5351775855
173.5571231917
173.5791551784
173.6011007845
173.6241695792
173.6461151853
173.6681471720
173.6900927782
173.7121247649
173.7341567919
173.7561023980
173.7781343848
173.8001663715
173.8221119776
173.8441439644
173.8661759913
173.8881215975
173.9101535842
173.9320991904
173.9541311771
173.9761631638
173.9981087700
174.0201407969
174.0420863628
174.0641183898
174.0861503765
174.1080959827
174.1301279694
174.1521599963
174.1741055623
174.1961375892
174.2180831954
174.2401151821
174.2621471688
174.2840927750
174.3061247617
174.3280703679
174.3501023948
174.3721343815
174.3940799877
174.4161119744
174.4381440014
174.4600895673
174.4821215943
174.5040672004
174.5271359950
174.5490816012
174.5711135879
174.5930591941
174.6150911808
174.6371231675
174.6590687737
174.6811008006
174.7031327874
174.7250783935
174.7471103802
174.7690559864
174.7910879731
174.8131200001
174.8350655660
174.8570975930
174.8791295797
174.9010751858
174.9231071726
174.9451391995
174.9670847654
174.9891167924
175.0110623986
175.0330943853
175.0550399914
175.0770719782
175.0991039649
175.1210495710
175.1430815980
175.1651135847
175.1870591909
175.2090911776
175.2310367838
175.2530687705
175.2751007974
175.2970463634
175.3190783903
175.3411103770
175.3630559832
175.3850879699
175.4070335761
175.4290655628
175.4510975897
175.4730431959
175.4950751826
175.5170207888
175.5390527755
175.5610847622
175.5830303684
175.6050623953
175.6270943821
175.6490399882
175.6710719749
175.6930175811
175.7150495678
175.7370815948
175.7590272009
176.0180543616
176.0790527836
176.1009983897
176.1230303764
176.1450623632
176.1670079693
176.1890399963
176.2110719830
176.2330175892
176.2550495759
176.2769951820
176.2990271688
176.3210591957
176.3430047616
176.3650367886
176.3870687753
176.4090143815
176.4310463682
176.4529919744
176.4750240013
176.4970559880
176.5190015942
176.5410335809
176.5630655676
176.5850111738
176.6070432007
176.6289887667
176.6510207936
176.6730527803
176.6949983865
176.7170303732
176.7389759794
176.7610079661
176.7830399931
176.8049855992
176.8270175859
176.8490495727
176.8709951788
176.8930271655
176.9150591925
176.9370047987
176.9590367854
176.9809823915
177.0030143783
177.0249599844
177.0469919711
177.0690239981
177.0909695640
177.1130015910
177.1350335777
177.1569791839
177.1790111706
177.2009567767
177.2229887635
177.2450207904
177.2669663966
177.2889983833
177.3110303700
177.3329759762
177.3550079629
177.3769535691
177.3989855960
177.4210175827
177.4429631889
177.4649951756
177.4870271623
177.5089727685
177.5310047954
177.5529503614
177.5760191962
177.5979647622
177.6199967891
177.6419423953
177.6639743820
177.6860063687
177.7079519749
177.7299839616
177.7519295678
177.7739615947
177.7959935814
177.8179391876
177.8399711743
177.8620032013
177.8839487672
177.9069311813
177.9289631680
177.9509951949
177.9729408011
177.9949727878
178.0169183940
178.0389503807
178.0609823674
178.0829279736
178.1049600005
178.1269055665
178.1489375934
178.1709695801
178.1929151863
178.2149471730
178.2369792000
178.2589247659
178.2859679908
178.3079135969
178.3299455836
178.3519775704
178.3739231765
178.3959551632
178.4179871902
178.4399327964
178.4619647831
178.4839103893
178.5059423760
178.5279743627
178.5499199688
178.5719519958
178.5938975617
178.6159295887
178.6379615754
178.6599071816
178.6819391683
178.7039711952
178.7259168014
178.7479487881
178.7698943943
178.7919263810
178.8139583677
178.8359039739
178.8579360008
178.8798815668
178.9019135937
178.9239455804
178.9458911866
178.9679231733
178.9899552003
179.0119007662
179.0339327931
179.0558783993
179.0779103860
179.0999423727
179.1218879789
179.1439199656
179.1659519926
179.1878975987
179.2099295855
179.2318751916
179.2539071783
179.2759391651
179.2978847712
179.3199167982
179.3419487849
179.3638943911
179.3859263778
179.4078719840
179.4299039707
179.4518495768
179.4738815635
179.4959135905
179.5178591967
179.5398911834
179.5619231701
179.5838687763
179.6059007630
179.6279327899
179.6498783961
179.6719103828
179.6938559890
179.7158879757
179.7379199624
179.7598655686
179.7818975955
179.8039295822
179.8258751884
179.8479071751
179.8698527813
179.8918847680
179.9139167950
179.9358624011
179.9578943878
179.9798399940
180.0018719807
180.0239039674
180.0458495736
180.0678816006
180.0899135873
180.1118591934
180.1338911802
180.1558367863
180.1778687730
180.1999008000
180.2218463659
180.2438783929
180.2658239991
180.2878559858
180.3098879725
180.3318335787
180.3538655654
180.3758975923
180.3978431985
180.4198751852
180.4418207914
180.4638527781
180.4858847648
180.5078303710
180.5298623979
180.5518079639
180.5738399908
180.5958719775
180.6178175837
180.6398495704
180.6618815973
180.6838271633
180.7058591902
180.7278047964
180.7498367831
180.7718687698
180.7938143760
180.8158463627
180.8378783897
180.8598239958
180.8818559825
180.9038015887
180.9258335754
180.9478655621
180.9698111683
180.9918431953
181.0138751820
181.0358207882
2159.6385023832
2159.9309663773
2160.1819583774
2160.2359583661
2160.2630015910
2160.2899583951
2160.3170015797
2160.3439583838
2160.3710015684
2160.3979583725
2160.4250015974
2160.4790015861
2160.5059583902
2160.5330015749
2160.5599583790
2160.5870015636
2160.6410015926
2160.7219583854
2160.8029151782
2160.8299583629
2160.8569151670
2160.8839583919
2160.9109151959
2160.9379583806
2160.9659519926
2160.9929087967
2161.0199519813
2161.0469087854
2161.0739519700
2161.1009087741
2161.1549087629
2161.3438655734
2161.3709087983
2161.3978655621
2161.4249087870
2161.4518655911
2161.4789087758
2161.7758655638
2161.8028223679
2161.8569087774
2161.8838655815
2161.9108223856
2161.9378655702
2161.9648223743
2162.1583583996
2162.1823775813
2162.2063103825
2162.2303295642
2162.2543487862
2162.2783679679
2162.3023007691
2162.3263199911
2162.3503391728
2162.3743583947
2162.3982911959
2162.4223103777
2162.4463295996
2162.4703487814
2162.4942815825
2162.5183007643
2162.5423199862
2162.5663391680
2162.5903583899
2162.6142911911
2162.6383103728
2162.6623295948
2162.6863487765
2162.7102815777
2162.7343007997
2162.7583199814
2162.7823391631
2162.8062719643
2162.8302911863
2162.8543103680
2162.8782431692
2162.9022623912
2162.9262815729
2162.9503007948
2162.9742335960
2162.9982527778
2163.0222719997
2163.0462911815
2163.0703103632
2163.0942431644
2163.1182623863
2163.1422815681
2163.1663007900
2163.1902335912
2163.2142527729
2163.2382719949
2163.2622911766
2163.2862239778
2163.3102431998
2163.3342623815
2163.3582815632
2163.3822143644
2163.4062335864
2163.4312031955
2163.4552223772
2163.4792415991
2163.5032607809
2163.5272799626
2163.5512127638
2163.5752319858
2163.5992511675
2163.6232703894
2163.6472031906
2163.6712223724
2163.6952415943
2163.7192607760
2163.7431935772
2163.7672127992
2163.7912319809
2163.8152511627
2163.8391839638
2163.8632031858
2163.8872223675
2163.9112415895
2163.9351743907
2163.9591935724
2163.9832127944
2164.0072319761
2164.0311647773
2164.0551839992
2164.0792031810
2164.1032223627
2164.1272415847
2164.1511743859
2164.1751935676
2164.1992127895
2164.2231455907
2164.2471647725
2164.2711839944
2164.2952031761
2164.3192223981
2164.3431551993
2164.3671743810
2164.3911935628
2164.4151263639
2164.4391455859
2164.4631647676
2164.4871839896
2164.5121535987
2164.5361727804
2164.5601919621
2164.5841247633
2164.6081439853
2164.6331999749
2164.6572191969
2164.6811519980
2164.7051711798
2164.7291903615
2164.7531231627
2164.7771423847
2164.8011615664
2164.8251807883
2164.8491135895
2164.8731327713
2164.8971519932
2164.9211711749
2164.9451039761
2164.9691231981
2164.9931423798
2165.0171615616
2165.0410943627
2165.0651135847
2165.0891327664
2165.1131519884
2165.1370847896
2165.1611039713
2165.1851231933
2165.2091423750
2165.2330751762
2165.2570943981
2165.2811135799
2165.3051327616
2165.3291519836
2165.3541215926
2165.3781407744
2165.4020735756
2165.4260927975
2165.4501119793
2165.4750815883
2165.4991007701
2165.5231199920
2165.5471391738
2165.5710719749
2165.5950911969
2165.6191103786
2165.6480543777
2165.6720735997
2165.6960927814
2165.7201119632
2165.7440447643
2165.7680639863
2165.7920831680
2165.8161023900
2165.8400351912
2165.8640543729
2165.8880735949
2165.9120927766
2165.9361119986
2165.9600447998
2165.9840639815
2166.0080831632
2166.0320159644
2166.0560351864
2166.0800543681
2166.1040735900
2166.1280063912
2166.1520255730
2166.1760447949
2166.2000639767
2166.2239967778
2166.2480159998
2166.2720351815
2166.2960543633
2166.3200735852
2166.3440063864
2166.3680255681
2166.3920447901
2166.4160639718
2166.4399967730
2166.4640159950
2166.4880351767
2166.5120543987
2166.5359871998
2166.5600063816
2166.5840255633
2166.6080447853
2166.6319775865
2166.6559967682
2166.6800159901
2166.7040351719
2166.7279679731
2166.7519871950
2166.7760063767
2166.8000255987
2166.8239583999
2166.8479775816
2166.8719967634
2166.8960159853
2166.9200351670
2166.9439679682
2166.9679871902
2166.9920063719
2167.0159391731
2167.0399583951
2167.0639775768
2167.0879967988
2167.1120159805
2167.1359487817
2167.1839871854
2167.2080063671
2167.2559583902
2167.2799775720
2167.3039967939
2167.3279295951
2167.3519487768
2167.3759679988
2167.4009375677
2167.4249567896
2167.4489759713
2167.4729951933
2167.4969279945
2167.5209471762
2167.5449663982
2167.5689855799
2167.5929183811
2167.6169375628
2167.6409567848
2167.6649759665
2167.6889087677
2167.7129279897
2167.7369471714
2167.7609663934
2167.7848991945
2167.8089183763
2167.8329375982
2167.8569567800
2167.8808895811
2167.9049087629
2167.9289279848
2167.9529471666
2167.9768799678
2168.0008991897
2168.0249183714
2168.0489375934
2168.0728703946
2168.0968895763
2168.1209087983
2168.1449279800
2168.1688607812
2168.1928799629
2168.2409183666
2168.2648511678
2168.3369087935
2168.4088799983
2168.4328991801
2168.4569183618
2168.4808511630
2168.5048703849
2168.5529087886
2168.5768415898
2168.6018975794
2168.6258303806
2168.6498495624
2168.7218207672
2168.7458399892
2168.8418303758
2168.9618399844
2168.9858591661
2169.0338111892
2169.1058687747
2169.2977631673
2169.3458015710
2169.3698207930
2169.4177727759
2169.4658111796
2169.5137631625
2169.6107903972
2169.6348095790
2169.6588288009
2169.7307999656
2169.7787519887
2169.8267903924
2169.8508095741
2169.8747423753
2169.8987615973
2169.9237311661
2169.9957887918
2170.2597407699
2170.3797503784
2170.4037696004
2170.4277023614
2170.4517215833
2170.5236927882
2170.8571967930
2170.8781919718
2170.8991871908
2170.9201823697
2170.9411775887
2170.9621727675
2170.9831679866
2171.0041631654
2171.0251583844
2171.0461535633
2171.0671487823
2171.0881440014
2171.1091391802
2171.1302207798
2171.1512159988
2171.1722111777
2171.1932063967
2171.2142015755
2171.2351967946
2171.2561919734
2171.2771871924
2171.2981823713
2171.3191775903
2171.3401727691
2171.3611679882
2171.3821631670
2171.4031583861
2171.4241535649
2171.4451487839
2171.4661439627
2171.4871391818
2171.5081344008
2171.5291295797
2171.5501247987
2171.5711199775
2171.6131967962
2171.6341055945
2171.6551007733
2171.6761823729
2171.6971775919
2171.7181727707
2171.7391679898
2171.7811583877
2171.8021535665
2171.8231487855
2171.8441439644
2171.8651391834
2171.8861343622
2171.9071295813
2171.9281248003
2171.9491199791
2171.9701151982
2171.9911103770
2172.0121055961
2172.0331007749
2172.0540959939
2172.0750911728
2172.0960863918
2172.1170815706
2172.1380767897
2172.1590719685
2172.1800671876
2172.2010623664
2172.2221439660
2172.2431391850
2172.2641343638
2172.2851295829
2172.3061247617
2172.3271199808
2172.3481151998
2172.3691103786
2172.3901055977
2172.4111007765
2172.4320959956
2172.4530911744
2172.4740863934
2172.4950815722
2172.5160767913
2172.5370719701
2172.5580671892
2172.5790623680
2172.6000575870
2172.6420479849
2172.6630431637
2172.6840383828
2172.7260287806
2172.7680191785
2172.9410783887
2173.1300351992
2173.1720255971
2173.2140159950
2173.2350111738
2173.2560063928
2173.2979967907
2173.3189919695
2173.3399871886
2173.3819775865
2173.4239679843
30065.4116409615
30065.5946361467
30065.8316399708
30065.9856393367
30066.0916435093
30066.2116358176
30066.4116431817
30066.4486310318
30066.4856274918
30066.5226412520
30066.5596463621
30066.5966428623
30066.6336307123
30066.6706444725
30066.7076495826
30066.7446287826
30066.7816425428
30066.8186476529
30066.8556441531
30066.8926406130
30066.9296457231
30066.9666335732
30067.0036386833
30067.0406351835
30067.0776230335
30067.1146367937
30067.1516332537
30067.1886383638
30067.2256435141
30067.2626313239
30067.2996364743
30067.3366415843
30067.3736294344
30068.3356242970
30068.3726294071
30068.4096259072
30068.4466223672
30068.4836188674
30068.5206153274
30068.5576204777
30068.5946255878
30068.6316220477
30068.6686185479
30068.7056150079
30068.7426287681
30068.7796079680
30068.8166217282
30068.8536182284
30068.8906233385
30068.9276111886
30068.9646162987
30069.0016214088
30069.0386265591
30069.0756316692
30069.1126195192
30069.1496159792
30069.1866210893
30069.2236089394
30069.2606140494
30069.2976191998
30069.3346156597
30069.3716207698
30069.4086172700
30069.4456051201
30069.4826102301
30069.5196153402
30069.5566118404
30069.5936169505
30069.6306134105
30069.6676185608
30069.7046063706
30069.7416115209
30069.7786166310
30069.8156130910
30069.8526095912
30069.8896233514
30069.9266025513
30069.9636076614
30070.0006041214
30070.0376092717
30070.0746057317
30070.1116108418
30070.1486073419
30070.1856124520
30070.2226003021
30070.2596140623
30070.2966105223
30070.3335983723
30070.3706034824
30070.4076086327
30070.4445964426
30070.4816015929
30070.5186153531
30070.5556118131
30070.5925996631
30070.6295961231
30070.6666012734
30070.7036063835
30070.7406114936
30070.7776079938
30070.8146044537
30070.8516009539
30070.8885974139
30070.9256025240
30070.9626076743
30070.9996041343
30071.0366006345
30071.0735970944
30071.1105935946
30071.1475900546
30071.1845951647
30071.2216089249
30071.2586054251
30071.2956018850
30071.3325983852
30071.3696034953
30071.4065999955
30071.4435964555
30071.4805929556
30071.5176067159
30071.5545945257
30071.5915996760
30071.6285961360
30071.6655926362
30071.7025977463
30071.7396028563
30071.7765907064
30071.8135958165
30071.8506009266
30071.8875887767
30071.9245852768
30071.9615903869
30071.9985868469
30072.0355919972
30072.0725884572
30072.1095849574
30072.1465900674
30072.1835951775
30072.2205916777
30072.2575881377
30072.2945846379
30072.3315983981
30072.3685948581
30072.4055913582
30072.4425964683
30072.4795843184
30072.5165894285
30072.5535858884
30072.5905823886
30072.6275874987
30072.6645926088
30072.7015891090
30072.7385855690
30072.7755907193
30072.8125958294
30072.8495836794
30072.8865887895
30072.9235766396
30074.8105699047
30074.8475750148
30074.8845715150
30074.9215593249
30074.9585644752
30074.9945673376
30075.0315724477
30075.0685689479
30075.1055654079
30075.1425619081
30075.1795670182
30075.2165635183
30075.2535599783
30075.2905650884
30075.3275702387
30075.3645580485
30075.4015631989
30075.4385683090
30075.4755561590
30075.5125612691
30075.5495577291
30075.5865628794
30075.6235679895
30075.6605644494
30075.6975609496
30075.7345574096
30075.7715625599
30075.8085590199
30075.8455641300
30075.8825519800
30075.9195657402
30075.9565535903
30075.9935500503
30076.0305552006
30076.0675603107
30076.1045567706
30076.1415619209
30076.1785497308
30076.2155548811
30076.2525686413
30076.2895564511
30076.3265529513
30076.3635494113
30076.4005631715
30076.4375510216
30076.4745561317
30076.5115526319
30076.5485577419
30076.5855542019
30076.6225593522
30076.6595471621
30076.6965523124
30076.7335401222
30076.7705538824
30076.8075590327
30076.8445468426
30076.8815519929
30076.9185484529
30076.9555449530
30076.9925500631
30077.0295465231
30077.0665516734
30077.1035654336
30077.1405446336
30077.1775410935
30077.2145462036
30077.2515513539
30077.2885478139
30077.3255443141
30077.3625407741
30077.3995372742
30077.4365510345
30077.4735388443
30077.5105439946
30077.5475491047
30077.5845455647
30077.6215334147
30077.6585385248
30077.6955436751
30077.7325487852
30077.7695452452
30077.8065417454
30077.8435382053
30077.8805433556
30077.9175398156
30077.9545363158
30077.9915500760
30078.0285378858
30078.0655343860
30078.1025394961
30078.1395446062
30078.1765411064
30078.2135289565
30078.2505427167
30078.2875305265
30078.3245356768
30078.3615321368
30078.3985372469
30078.4355337471
30078.4725388572
30078.5095353574
30078.5465836778
30078.5835369274
30078.6205334276
30078.6575385377
30078.6945263878
30078.7315314978
30078.7685366079
30078.8055331081
30078.8425382182
30078.8795433283
30078.9165398285
30078.9535362884
30078.9905327886
30079.0275206387
30079.0645343989
30079.1015222088
30079.1385359690
30079.1755411193
30079.2125289291
30079.2495254293
30079.2865305394
30079.3235270396
30079.3605234996
30079.3975199997
30079.4345251098
30079.4715388700
30079.5085267201
30079.5455231801
30079.5825369403
30079.6195247903
30079.6565126404
30079.6935264006
30079.7305228606
30079.7675279707
30079.8045244709
30079.8415209308
30079.8785174310
30079.9155138910
30079.9525190413
30079.9895241514
30080.0265206113
30080.0635171115
30080.1005135715
30080.1375186816
30080.1745238319
30080.2115202919
30080.2485081419
30080.2855132520
30080.3225356624
30080.3595235124
30080.3965199724
30080.4335164726
30080.4705215827
30080.5075180426
30080.5445145428
30080.5815110028
30080.6185420632
30080.6555126131
30080.6925177231
30080.7295142233
30080.7665193334
30080.8035158336
30080.8405122936
30080.8775087938
30080.9145139039
30080.9515190139
30080.9885241240
30081.0255206242
30081.0625170842
30081.0995135844
30081.1365100443
30081.1735151947
30081.2105116546
30081.2474995047
30081.2845046148
30081.3215097249
30081.3585062251
30081.3955026850
30081.4325164452
30081.4695042953
30081.5065094054
30081.5434972554
30081.5805110157
30081.6175075158
30081.6545039758
30081.6915004760
30081.7285055861
30081.7655020461
30081.8024985462
30081.8395036563
30081.8765087664
30081.9135052666
30081.9505017266
30081.9875068769
30082.0245033368
30082.0615084469
30082.0984962970
30082.1355014071
30082.1775091052
30082.2145142153
30082.2515020654
30082.2885071754
30082.3254950255
30082.3625001356
30082.3994966358
30082.4365103960
30082.4735068560
30082.5105119661
30082.5475084662
30082.5844963163
30082.6214927763
30082.6585065365
30082.6954943866
30082.7324994966
30082.7695046067
30082.8065011069
30082.8434975669
30082.8804940671
30082.9175078273
30082.9545042872
30082.9915007874
30083.0284886375
30083.0654937476
30083.1024988577
30083.1394953579
30083.1764918178
30083.2134883180
30083.2504934281
30083.2874985382
30083.3244863883
30083.3614914984
30083.3984879985
30083.4354931086
30083.4724895686
30083.5094860688
30083.5464998290
30083.5834962890
30083.6205014393
30083.6574978992
30083.6944943994
30083.7314908594
30083.7684873596
30083.8054838195
30083.8424889296
30083.8794940799
30083.9164905399
30083.9534870401
30083.9904835001
30084.0274886102
30084.2124796808
30084.2494847909
30084.2864899009
30084.3234864011
30084.3604915112
30084.3974879712
30084.4344758213
30084.4714895815
30084.5084774315
30084.5454738915
30084.5824790016
30084.6194841519
30084.6564979121
30084.6934857219
30084.7304735720
30084.7674873322
30084.8044838324
30084.8414716423
30084.8784681425
30084.9154819027
30084.9524870127
30084.9894835129
30085.0264799729
30085.0634764731
30085.1004815832
30085.1374780431
30085.1744831935
30085.2114796534
30085.2484761536
30085.2854726136
30085.3224777237
30085.3594828740
30085.3964793339
30085.4334930941
30085.4704809442
30085.5074687943
30085.5444739044
30085.5814790145
30085.6184668645
30085.6554719746
30085.6924770847
30085.7294735849
30085.7664786950
30085.8034751952
30085.8404803053
30085.8774681553
30085.9144732654
30085.9514783755
30085.9884748757
30086.0254713357
30086.0624764457
30086.0994642958
30086.1364694059
30086.1734659061
30086.2104710162
30086.2474761263
30086.2844639763
30086.3214690864
30086.3584655866
30086.3954620466
30086.4324671969
30086.4694636568
30086.5064687669
30086.5434652671
30086.5804617271
30086.6174668774
30086.6544633374
30086.6914684475
30086.7284649476
30086.7654787079
30086.8024579078
30086.8394630179
30086.8764681280
30086.9134646282
30086.9504610881
30086.9874575883
30087.0614591986
30087.0984643087
30087.1354521588
30087.1724572688
30087.2094537288
30087.2464588791
30087.2834639892
30087.3204518393
30087.3574569494
30087.3944620594
30087.4314499095
30087.4684550196
30087.5054601297
30087.5424566299
30087.5794617400
30087.6164668500
30087.6534460500
30087.6904598102
30087.7274476603
30089.6194348633
30089.6564486235
30089.6934364736
30089.7304329336
30089.7674466938
30089.8044345439
30089.8414310038
30089.8784361541
30089.9154239640
30089.9524377242
30089.9894342244
30090.0264306843
30090.0634271845
30090.1004236445
30090.1374374047
30090.1744425550
30090.2114303648
30090.2484355152
30090.2854319751
30090.3224284753
30090.3594249353
30090.3964300454
30090.4334265456
30090.4704316556
30090.5074367657
30090.5444246158
30090.5814297259
30090.6184348762
30090.6554313362
30090.6924278364
30090.7294242963
30090.7664294064
30090.8034259066
30090.8404310167
30090.8774275169
30090.9144326270
30090.9514290869
30090.9884342372
33170.3651672646
33170.5201653779
33170.7001625106
33170.8121472582
33170.9466470316
33171.4836126566
33171.6146045432
33171.8690793246
33172.0360689238
33172.0720606014
33172.1080686539
33172.1440602913
33172.1800519690
33172.2160513714
33172.2520499289
33172.2880562514
33172.3240513891
33172.3600499466
33172.3960415840
33172.4320487916
33172.4680369690
33172.5040355265
33172.5400366992
33172.5760317966
33172.6120225891
33172.6480341017
33172.6840309292
33172.7200217217
33172.7560340792
33172.7920110717
33172.8290231019
33172.8650112793
33172.9010236770
33172.9370032042
33172.9730034918
33173.0099973768
33173.0460020095
33173.0820057571
33173.1179999694
33173.1540011421
33173.1899867445
33173.2269978896
33173.2630007923
33173.2989941597
33173.3349840671
33173.3709869698
33173.4069855273
33173.4429771647
33173.4789834872
33173.5149665147
33173.5509737223
33173.5869593248
33173.6229664922
33173.6589650497
33173.6949601874
33173.7309561297
33173.7669607624
33173.8029454798
33173.8389449224
33173.8749452099
33173.9109489575
33173.9469500899
33173.9829356924
33174.0189429000
33174.0549345374
33174.0909305200
33174.1269221574
33174.1629284799
33174.1989331126
33174.2349230200
33174.2709207326
33174.3079163477
33174.3439226702
33174.3799186528
33174.4159197852
33174.4519166127
33174.4889139578
33174.5249099404
33174.5608990028
33174.5968941003
33174.6329073429
33174.6699021131
33174.7058989406
33174.7418966129
33174.7778986305
33174.8138868481
33174.8508884981
33174.8868818656
33174.9228804231
33174.9588737905
33174.9948870733
33175.0318593532
33175.0678725958
33175.1038771883
33175.1398714408
33175.1758587733
33175.2128552333
33175.2488598660
33175.2848532334
33175.3938381985
33175.4298419461
33175.4658448085
33175.5018502861
33175.5378324285
33175.5738352910
33175.6108300611
33175.6468260437
33175.6828366712
33175.7188291937
33175.7548260212
33175.7908211187
33175.8268196762
33175.8628243089
33175.8988194063
33175.9348067388
33175.9708147913
33176.0068159640
33176.0427989513
33176.0788113490
33176.1148038715
33176.1507963538
33176.1867931813
33176.2227943540
33176.2587851465
33176.2947897390
33176.3307839915
33176.3667911992
33176.4027880266
33176.4387856990
33176.5117746815
33176.5477706641
33176.5837614566
33176.6197703943
33176.6557767168
33176.6927671418
33176.7287587792
33176.7647564918
33176.8007567793
33176.8367544919
33176.8737492219
33176.9097408593
33176.9457368419
33176.9817518145
33177.0177391469
33177.0537368596
33177.0897414520
33177.1257296294
33177.1617368370
33177.1977224395
33177.2337261870
33177.2697221696
33177.3057198420
33177.3417132095
33177.3777118072
33177.4137051746
33177.4497071922
33177.4857169747
33177.5217103422
33177.5577045947
33177.5937109172
33177.6297034398
33177.6657019973
33177.7016945198
33177.7376948074
33177.7736950949
33177.8106907099
33177.8466858074
33177.8826843649
33177.9186881125
33177.9546814799
33177.9916805550
33178.0276721925
33178.0636672899
33178.0996650025
33178.1356635600
33178.1726583302
33178.2086603478
33178.2446684003
33178.2806609228
33178.3166620553
33178.3536499053
33178.3896571130
33178.4256539404
33178.4616430029
33178.4976406753
33178.5346484005
33178.5706340030
33178.6066394806
33178.6426371530
33178.6786374405
33178.7156356707
33178.7516212732
33178.7876206756
33178.8236192331
33178.8596212506
33179.2195930257
33179.2556019634
33179.2915892959
33179.3275938883
33179.3635786459
33179.3995893136
33179.4355783358
33179.4715803534
33179.5075703010
33179.6515645310
33179.6875596285
33179.7235616460
33179.7595610887
33179.7955596462
33179.8325587213
33179.8685494736
33179.9045411512
33179.9405535087
33179.9765486062
33180.0125515088
33180.0485379562
33180.0845477387
33180.1205299214
33180.1565414339
33180.1925339162
33180.2285273239
33180.2645276114
33180.3005200937
33180.3365178064
33180.3725250140
33180.4085226864
33180.4445057139
33180.4805172265
33180.5165175140
33180.5525031164
33180.5885128990
33180.6245045766
33180.6604944840
33180.6965034217
33180.7325045541
33180.7684866965
33180.8044913292
33180.8764780641
33180.9124895766
33180.9494826168
33180.9854820192
33181.0214780018
33181.0574696392
33181.0934768468
33181.1304724619
33181.1664753243
33181.2024643868
33181.2384724796
33181.2744606569
33181.3114597321
33181.3474505246
33181.3834490821
33181.5644337371
33181.6004322946
33181.6364308521
33181.6724380598
33181.7084435374
33181.7444308698
33181.7804354623
33181.8164210647
33181.8524196222
33181.8884181798
33181.9244132772
33181.9604152948
33181.9964251176
33182.0324210599
33182.0684014723
33182.1044061050
33182.1403994724
33182.1764092550
33182.2124052376
33182.2483986050
33182.2843980476
33182.3203887999
33182.3563899726
33182.3923833400
33182.4293876052
33182.4653852776
33182.5013743401
33182.5373737827
33182.5743650526
33182.6103679553
33182.6464097232
33182.6823598802
33182.7183645129
33182.7543673754
33182.7913508803
33182.8273580879
33182.8633592606
33182.8993543580
33182.9353520304
33182.9723485306
33183.0083427832
33183.0443439156
33183.0803381681
33183.1163384557
33183.1533306107
33183.1893464282
33183.2253259957
33183.2613288581
33183.2973308757
33183.3343239158
33183.3703190133
33183.4063244909
33183.5153068811
33183.5513166636
33183.5873005360
33183.6233085886
33183.6593002260
33183.6963010311
33183.7322995886
33183.7682912260
33183.8042958587
33183.8402918413
33183.8772831112
33183.9132851288
33183.9492836863
33183.9852900490
33184.0212747663
33184.0582703814
33184.0942698240
33184.1302674964
33184.1662652090
33184.2022637665
33184.2382614389
33184.2742591515
33184.3092641115
33184.3452626690
33184.3812465414
33184.4172537491
33184.4532505766
33184.4892525941
33184.5252433866
33184.5612427890
33184.5972430766
33184.6332433641
33184.6692333117
33184.7052413642
33184.7412243515
33184.7772246391
33184.8132223517
33184.8492174491
33184.8852203518
33184.9212206393
33184.9572096616
33184.9932177544
33185.0292154267
33185.0652131394
33185.1012073919
33185.1372094095
33185.1742093295
33185.2101914719
33185.2462055996
33185.2821998119
33185.3181975246
33185.3551887944
33185.3911856622
33185.4271850646
33185.4631793171
33185.4991778746
33185.5361795247
33185.5721824273
33185.6081809849
33185.6441743523
33185.6801711798
33185.7171693698
33185.7531662375
33185.7891621798
33185.8251633525
33185.8611601800
33185.8981549099
33185.9341508925
33185.9701537550
33186.0061566576
33186.0421413750
33186.0781468526
33186.1141419500
33186.1501344726
33186.1861287251
33186.2221376628
33186.2581284151
33186.2951335654
33186.3311312377
33186.3671203002
33186.4031275079
33186.4391208753
33186.4751064777
33186.5111110702
33186.5471208930
33186.5831030354
33186.6191050530
33186.6551096454
33186.6911004379
33186.7271084905
33186.7630958229
33186.7991090655
33186.8350981280
33186.8710889205
33186.9070848629
33186.9430868804
33186.9790845931
33187.0160767481
33187.0520718455
33187.0880782083
33187.1240862608
33187.1600675181
33187.1970743984
33187.2330668807
33187.2690654382
33187.3050683409
33187.3410574034
33187.3780625135
33187.4140576109
33187.4500553235
33187.4860478058
33187.5220515534
33187.5580553010
33187.5940530136
33187.6300455362
33187.6660483986
33187.7020340011
33187.7380360186
33187.7740320012
33187.8100357085
33187.8460325763
33187.8820147187
33187.9180175811
33187.9540204436
33187.9900259212
33188.0260530040
33188.0620135412
33188.0980172888
33188.1340071961
33188.1700074837
33188.2060008913
33188.2420089439
33188.2780005813
33188.3139974088
33188.3499959663
33188.3859902188
33188.4219905064
33188.4579864889
33188.4949760288
33188.5309841216
33188.5669826791
33188.6029838115
33188.6389771789
33188.6759797141
33188.7119696617
33188.7479699492
33188.7839650467
33188.8199661791
33188.8569687143
33188.8929664269
33188.9289640993
33188.9649453968
33189.0009594843
33189.0379534096
33189.0739580020
33189.1099505246
33189.1459490821
33189.1819432944
33189.2189389095
33189.2549253970
33189.2909429446
33189.3269363523
33189.3629253745
33189.3999201447
33189.4359238923
33189.4719224498
33189.5079227373
33189.5439117998
33189.5809099898
33189.6169094324
33189.6529105648
33189.6889117375
33189.7249111399
33189.7619007200
33189.7978975475
33189.8338918001
33189.8698955476
33189.9058862999
33189.9428810701
33189.9788873926
33190.0148920253
33190.0508845076
33190.0868831053
33190.1238769904
33190.1598729327
33190.1958680302
33190.2318683177
33190.2678643003
33190.3048556104
33190.3408679679
33190.3768553004
33190.4128668129
33190.4488627955
33190.4858584106
33190.5218500480
33190.5578529507
33190.5938497782
33190.6298405707
33190.6668396458
33190.7028382033
33190.7388393357
33190.7748344332
33190.8108321458
33190.8478208408
33190.8838237435
33190.9198144957
33190.9558286235
33190.9918159559
33191.0288133010
33191.0648161635
33191.1008147210
33191.1368141636
33191.1728109911
33191.2098126411
33191.2458025888
33191.2818019912
33191.3177997038
33191.3537956461
33191.3898037389
33191.4257832661
33191.4617922038
33191.5027786240
33191.5387754515
33191.5747870043
33191.6107760266
33191.6467841193
33191.6827679917
33191.7187673941
33191.7547780618
33191.7917676419
33191.8277722344
33191.8637716770
33191.8997555494
33191.9357609868
33191.9717586994
33192.0077451468
33192.0437532395
33192.0797405720
33192.1157434344
33192.1517402619
33192.1877362445
33192.2237365320
33192.2597471997
33192.2957224220
33192.3317278996
33192.3677342221
33192.4037198246
33192.4397278771
33192.4757186696
33192.5127246648
33192.5487093821
33192.5847191647
33192.6207125723
33279.5384524718
33279.8364633277
33279.9164610833
33279.9774595052
33280.0584595084
33280.2174700722
33280.2444786966
33280.2714700610
33280.2984700754
33280.3254700497
33280.3524787143
33280.3794786885
33280.4064787030
33280.4334787175
33280.4604786918
33280.4874787062
33280.5144787207
33280.5414786950
33280.5684787095
33280.5954786837
33280.6224786982
33280.6494787127
33280.6764786869
33280.7034700513
33280.7304700658
33280.7574700803
33280.7844787046
33280.8116428703
33280.8384786934
33280.8654787079
33280.8924700722
33280.9194786966
33280.9464700609
33280.9734786853
33281.0004786998
33281.0274787143
33281.0544873387
33281.0814787030
33281.1084787175
33281.1354873419
33281.1624873564
33281.1894787207
33281.2164700449
33281.2434787095
33281.2704873338
33281.2974873483
33281.3244873226
33281.3514873371
33281.3784873515
33281.4054787159
33281.4324873403
33281.4594873548
33281.4864959791
33281.5134873435
33281.5404787079
33281.5674873322
33281.5944786966
33281.6214959711
33281.6484873354
33281.6754786998
33281.7024787143
33281.7294786885
33281.7564959630
33281.7834873274
33281.8104959920
33281.8374959663
33281.8644959807
33281.8914959952
33281.9184787095
33281.9454873338
33281.9724873483
33281.9994959727
33282.0264873371
33282.0534873515
33282.0804873258
33282.1074873403
33282.1344873548
33282.1614873290
33282.1884873435
33282.2154959679
33282.2424873322
33282.2695046067
33282.2964959711
33282.3234873354
33282.3504960001
33282.3774959743
33282.4044959888
33282.4314873531
33282.4584959775
33282.4855046019
33282.5124959663
33282.5404982284
33282.5674895927
33282.5944982171
33282.6214982316
33282.6484982058
33282.6754895702
33282.7025068447
33282.7294982091
33282.7565068737
33282.7834982380
33282.8105068624
33282.8374982268
33282.8644895911
33282.8915068656
33282.9184982300
33282.9455068544
33282.9724982187
33282.9994982332
33283.0265068576
33283.0534982219
33283.0804982364
33283.1075068608
33283.1345068753
33283.1614982396
33283.1885068640
33283.2154982284
33283.2425068528
33283.2695068672
33283.2964982316
33283.3234982058
33283.3505155206
33283.3775068447
33283.4045068592
33283.4315068737
33283.4585068479
33283.4855068624
33283.5125068769
33283.5394982412
33283.5665155157
33283.5935068801
33283.6205068544
33283.6475155190
33283.6745068431
33283.7015155077
33283.7285154820
33283.7555154964
33283.7825068608
33283.8095068753
33283.8365154997
33283.8635068640
33283.8905154884
33283.9175155029
33283.9445068672
33283.9715241417
33283.9985068560
33284.0255155206
33284.0525068447
33284.0795241594
33284.1065154836
33284.1335068479
33284.1605068624
33284.1875068769
33284.2145068511
33284.2415155158
33284.2685154900
33284.2955155045
33284.3225241289
33284.3495154932
33284.3765155077
33284.4035154820
33284.4305154964
33284.4575155109
33284.4845241353
33284.5115154997
33284.5385068640
33284.5655241385
33284.5925241530
33284.6195155174
33284.6465154916
33284.6735241562
33284.7005155206
33284.7275154948
33284.7545155093
33284.7815327838
33284.8085414082
33284.8355241224
33284.8625327870
33284.8895155013
33284.9165241256
33284.9435241401
33284.9705327645
33284.9975241289
33285.0245154932
33285.0515327677
33285.0785154820
33285.1055154964
33285.1325241610
33285.1645180732
33285.1915180475
33285.2185180619
33285.2455180764
33285.2725267008
33285.2995180652
33285.3265266895
33285.3535267040
33285.3805267185
33285.4075180426
33285.4345353574
33285.4615266815
33285.4885266960
33285.5155267105
33285.5425266847
33285.5695266992
33285.5965267137
33285.6235439882
33285.6505353525
33285.6775267169
33285.7045266911
33285.7315267056
33285.7585267201
33285.7855353445
33285.8125353590
33285.8395353332
33285.8665353477
33285.8935353220
33285.9205353364
33285.9475267008
33285.9745267153
33286.0015353397
33286.0285439640
33286.0555353284
33286.0825353429
33286.1095439672
33286.1365439817
33286.1635353461
33286.1905439705
33286.2175439850
33286.2445353493
33286.2715439737
33286.2985353380
33286.3255439624
33286.3525439769
33286.3795439914
33286.4065353558
33286.4335353300
33286.4605439946
33286.4875439689
33286.5145353332
33286.5415353477
33286.5685353220
33286.5955526367
33286.6225526109
33286.6495353252
33286.6765439898
33286.7035353541
33286.7305526286
33286.7575353429
33286.7845439673
33286.8115439817
33286.8385439962
33286.8655526206
33286.8925439850
33286.9195439994
33286.9465526238
33286.9735439882
33287.0005439624
33287.0275612772
33287.0545526415
33287.0815439656
33341.1272064015
33341.2482527778
33341.3372447714
33341.3642015755
33341.3912448004
33341.4182015643
33341.4452447891
33341.4722015932
33341.4992447779
33341.5262015820
33341.5531583861
33341.5802015707
33341.6071583748
33341.6342015997
33341.6611583635
33341.6882015884
33341.7151583925
33341.7422015771
33341.7691583812
33341.7962015659
33341.8231583700
33341.8502015948
33341.8771583989
33341.9042015836
33341.9311583877
33341.9582015723
33341.9851583764
33342.0122016013
33342.0391583651
33342.0662015900
33342.0931583941
33342.1202015787
33342.1471583828
33342.1741151869
33342.2011583716
33342.2282015964
33342.2551584005
33342.2821151644
33342.3091583893
33342.3361151934
33342.3631583780
33342.3901151821
33342.4181951746
33342.4451519787
33342.4721087828
33342.4991519675
33342.5261087716
33342.5531519964
33342.5801088005
33342.6071519852
33342.6341087893
33342.6611519739
33342.6881087780
33342.7151519626
33342.7421087667
33342.7691519916
33342.7961087957
33342.8231519803
33342.8501087844
33342.8771519691
33342.9041087732
33342.9310655773
33342.9581087619
33342.9850655660
33343.0121087909
33343.0390655950
33343.0661087796
33343.0930655837
33343.1201087683
33343.1470655724
33343.1741087973
33343.2010656014
33343.2281087860
33343.2550655901
33343.2821087748
33343.3090655789
33343.3361087635
33343.3630655676
33343.3901087925
33343.4170655966
33343.4441087812
33343.4710655853
33343.4980223894
33343.5250655741
33343.5521087989
33343.5790655628
33343.6060223669
33343.6330655918
33343.6600223959
33343.6870655805
33343.7140223846
33343.7410655692
33343.7680223733
33343.7950655982
33343.8220223621
33343.8490655869
33343.8760223910
33343.9030655757
33343.9300223798
33343.9570655644
33343.9840223685
33344.0110655934
33344.0380223975
33344.0650655821
33344.0920223862
33344.1190655708
33344.1460223749
33344.1729791790
33344.2000223637
33344.2269791678
33344.2540223926
33344.2809791967
33344.3080223814
33344.3349791855
33344.3620223701
33344.3889791742
33344.4160223991
33344.4429791629
33344.4700223878
33344.4969791919
33344.5240223765
33344.5509791806
33344.5780223653
33344.6049791694
33344.6320223942
33344.6589791983
33344.6860223830
33344.7129791871
33344.7400223717
33344.7669791758
33344.7939359799
33344.8209791645
33344.8479359686
33344.8749791935
33344.9019359976
33344.9289791822
33344.9559359863
33344.9829791710
33345.0099359751
33345.0369791999
33345.0639359638
33345.0909791887
33345.1179359928
33345.1449791774
33345.1719359815
33345.1989791662
33345.2259359703
33345.2529791951
33345.2799359992
33345.3068927631
33345.3339359880
33345.3608927921
33345.3879359767
33345.4149792016
33345.4419359654
33345.4689791903
33345.4959359944
33345.5228927985
33345.5499359831
33345.5769791678
33345.6039359719
33345.6308927760
33345.6579360008
33345.6848927647
33345.7119359896
33345.7388927937
33345.7659359783
33345.7928927824
33345.8199359670
33345.8468927711
33345.8739359960
33345.9008928001
33345.9279359847
33345.9548927888
33345.9819359735
33346.0088927776
33346.0359359622
33346.0628927663
33346.0898495704
33346.1168927953
33346.1438495994
33346.1708927840
33346.1978495881
33346.2248927727
33346.2518495768
33346.2788927615
33346.3058495656
33346.3328927904
33346.3598495945
33346.3868927792
33346.4138495833
33346.4408927679
33346.4678495720
33346.4948927969
33346.5218496010
33346.5488927856
33346.5758495897
33346.6028927743
33346.6298495784
33346.6568927631
33346.6838495672
33346.7108063713
33346.7378495961
33346.7648064002
33346.7918495849
33346.8188063890
33346.8458495736
33346.8458495736
33346.8728063777
33346.8998495624
33346.9268063664
33346.9538495913
33346.9808063954
33347.0078495801
33347.0348063842
33347.0618495688
33347.0888063729
33347.1158495978
33347.1428063616
33347.1698495865
33347.1978431985
33347.2247999623
33347.2518431872
33347.2787999913
33347.3058431759
33347.3327999800
33347.3597567841
33347.3867999688
33347.4138431937
33347.4407999977
33347.4687935695
33347.4958367944
33347.5227935985
33347.5497503623
33347.5767935872
33347.6037503913
33347.6307935759
33347.6577503800
33347.6847935647
33347.7117503688
33347.7387935936
33347.7657503977
33347.7927935824
33347.8197503865
33347.8467935711
33347.8737503752
33347.9007936001
33347.9277503639
33347.9547935888
33347.9817503929
33348.0087935776
33348.0357503816
33348.0627935663
33348.0897503704
33348.1167071745
33348.1437503994
33348.1707935840
33348.1977503881
33348.2247071922
33348.2517503768
33348.2787071809
33348.3057503656
33348.3327071697
33348.3597503945
33348.3867071986
33348.4137503833
33348.4407071874
33348.4677503720
33348.4947071761
33348.5217504010
33348.5487071648
33348.5757503897
33348.6027071938
33348.6297503784
33348.6567071825
33348.6837503672
33348.7107071713
33348.7377503961
33348.7647072002
33348.7917503849
33348.8187071890
33348.8456639931
33348.8727071777
33348.8996639818
33348.9267071664
33348.9536639705
33348.9807071954
33349.0076639995
33349.0347071841
33349.0616639882
33349.0887071729
33349.1156639770
33349.1427071616
33349.1696639657
33349.1967071906
33349.2236639947
33349.2507071793
33349.2776639834
33349.3047071680
33349.3316639721
33349.3587071970
33349.3856640011
33349.4126207650
33349.4396639898
33349.4666207939
33349.4936639786
33349.5206207827
33349.5476639673
33349.5746207714
33349.6016639963
33349.6286208004
33349.6556639850
33349.6826207891
33349.7096639738
33349.7366207778
33349.7636639625
33349.7906207666
33349.8176639915
33349.8446207955
33349.8716639802
33349.8986207843
33349.9256639689
33349.9526207730
33349.9796639979
33350.0066207618
33350.0335775659
33350.0606207907
33350.0875775948
33350.1146207795
33350.1415775836
33350.1686207682
33350.1955775723
33350.2226207972
33350.2495776013
33350.2766207859
33350.3035775900
33350.3306207746
33350.3575775787
33350.3846207634
33350.4115775675
33350.4386207923
33350.4655775964
33350.4926207811
33350.5195775852
33350.5466207698
33350.5735775739
33350.6005343780
33350.6275775626
33350.6546207875
33350.6815775916
33350.7085343957
33350.7355775803
33350.7625343844
33350.7895775691
33350.8165343732
33350.8435775980
33350.8705343619
33350.8975775868
33350.9245343909
33350.9525279626
33350.9795711875
33351.0065279916
33351.0335711762
33351.0605279803
33351.0875711650
33351.1145279691
33351.1415711939
33351.1685279980
33351.1955711827
33351.2225279868
33351.2495711714
33351.2765279755
33351.3035712004
33351.3305279642
33351.3574847683
33351.3845279932
33351.4114847973
33351.4385279819
33351.4654847860
33351.4925279707
33351.5194847748
33351.5465279996
33351.5734847635
33351.6005279884
33351.6274847925
33351.6545279771
33351.6814847812
33351.7085279658
33351.7354847699
33351.7625279948
33351.7894847989
33351.8165279836
33351.8434847876
33351.8705279723
33351.8974847764
33351.9245280013
33351.9514847651
33351.9794783771
33352.0064351812
33352.0334783658
33352.0604351699
33352.0874783948
33352.1144351989
33352.1414783835
33352.1684351876
33352.1954783723
33352.2224351764
33352.2494784012
33352.2764351651
33352.3034783900
33352.3304351941
33352.3574783787
33352.3844351828
33352.4114783675
33352.4384351715
33352.4654783964
33352.4924352005
33352.5194783852
33352.5464351893
33352.5734783739
33352.6004351780
33352.6274783626
33352.6544351667
33352.6814783916
33352.7084351957
33352.7354783803
33352.7624351844
33352.7893919885
33352.8164351732
33352.8434783980
33352.8704351619
33352.8973919660
33352.9244351909
33352.9513919950
33352.9784351796
33353.0053919837
33353.0324351683
33353.0593919724
33353.0864351973
33353.1133920014
33353.1404351860
33353.1673919901
33353.1944351748
33353.2213919789
33353.2484351635
33353.2753919676
33353.3024351925
33353.3293919966
33353.3563488007
33353.3833919853
33353.4103487894
33353.4373919740
33353.4643487781
33353.4913919628
33353.5183487669
33353.5453919917
33353.5723487958
33353.5993919805
33353.6263487846
33353.6533919692
33353.6803487733
33353.7073919982
33353.7343487620
33353.7613919869
33353.7883487910
33353.8163423628
33353.8433855876
33353.8703423917
33353.8973855764
33353.9243423805
33353.9512991846
33353.9783423692
33354.0053855941
33354.0323423982
33354.0593855828
33354.0863423869
33354.1133855715
33354.1403423756
33354.1672991797
33354.1943423644
33354.2212991685
33354.2483423933
33354.2752991974
33354.3023423821
33354.3292991862
33354.3563423708
33354.3832991749
33354.4103423998
33354.4372991636
33354.4643423885
33354.4912991926
33354.5183423772
33354.5452991813
33354.5723423660
33354.5992991701
33354.6262559742
33354.6532991990
33354.6802559629
33354.7072991878
33354.7342559919
33354.7612991765
33354.7882559806
33354.8152991653
33354.8422559693
33354.8692991942
33354.8962559983
33354.9232991830
33354.9502559871
33354.9772991717
33355.0042559758
33355.0312992007
33355.0582559645
33355.0852991894
33355.1122559935
33355.1392991781
33355.1662559822
33355.1932991669
33355.2202559710
33355.2472991958
33355.2742559999
33355.3012991846
33355.3282559887
33355.3552991733
33355.3822559774
33355.4092127815
33355.4362559661
33355.4632127702
33355.4902559951
33355.5172127992
33355.5442559838
33355.5712127879
33355.5982559726
33355.6252127767
33355.6522560015
33355.6792127654
33355.7062559903
33355.7332127944
33355.7602559790
33355.7872127831
33355.8142559677
33355.8412127718
33355.8681695759
33355.8952128008
33355.9221695647
33355.9492127895
33355.9761695936
33356.0032127783
33356.0301695824
33356.0572127670
33356.0841695711
33356.1112127960
33356.1381696001
33356.1652127847
33356.1921695888
33356.2192127734
33356.2461695775
33356.2732127622
33356.3001695663
33356.3272127911
33356.3541695952
33356.3812127799
33356.4081695840
33356.4352127686
33356.4621695727
33356.4892127976
33356.5161695615
33356.5432127863
33356.5701695904
33356.5971263945
33356.6241695792
33356.6512127638
33356.6781695679
33356.7051263720
33356.7331199840
33356.7601631686
33356.7871199727
33356.8141631976
33356.8411199614
33356.8681631863
33356.8951199904
33356.9221631750
33356.9491199791
33356.9761631638
33357.0031199679
33357.0301631928
33357.0571199968
33357.0841631815
33357.1101695985
33357.1371263623
33357.1641695872
33357.1911263913
33357.2180831954
33357.2451263800
33357.2720831841
33357.2991263688
33357.3260831729
33357.3531263977
33357.3800831616
33357.4071263865
33357.4340831906
33357.4611263752
33357.4880831793
33357.5151263639
33357.5420831680
33357.5691263929
33357.5960831970
33357.6231263816
33357.6500831857
33357.6771263704
33357.7040831745
33357.7311263993
33357.7580831632
33357.7851263881
33357.8120831922
33357.8390399963
33357.8660831809
33357.8931263655
33357.9200831696
33357.9470399737
33357.9740831986
33358.0010399625
33358.0280831873
33358.0550399914
33358.0820831761
33358.1090399802
33358.1360831648
33358.1630399689
33358.1900831938
33358.2170399979
33358.2440831825
33358.2710399866
33358.2980831712
33358.3250399753
33358.3520832002
33358.3790399641
33358.4059967682
33358.4330399930
33358.4600831777
33358.4870399818
33358.5140831664
33358.5410399705
33358.5679967746
33358.5950399995
33358.6219967634
33358.6490399882
33358.6759967923
33358.7030399770
33358.7299967811
33358.7570399657
33358.7839967698
33358.8110399947
33358.8379967988
33358.8650399834
33358.8919967875
33358.9190399721
33358.9459967762
33358.9730400011
33358.9999967650
33359.0270399898
33359.0539967939
33359.0810399786
33359.1079967827
33359.1349535868
33359.1619967714
33359.1889535755
33359.2159968004
33359.2429535642
33359.2699967891
33359.2969535932
33359.3239967778
33359.3509535819
33359.3779967666
33359.4049535707
33359.4319967955
33359.4589535996
33359.4859967843
33359.5129535884
33359.5399967730
33359.5669535771
33359.5939967617
33359.6209535658
33359.6479967907
33359.6749535948
33359.7019967794
33359.7289535835
33359.7559103876
33359.7829535723
33359.8099103764
33359.8369536012
33359.8639103651
33359.8909535900
33359.9179103941
33359.9449535787
33359.9719103828
33359.9989535674
33360.0259103715
33360.0529535964
33360.0799104005
33360.1069535851
33360.1339103892
33360.1609535739
33360.1879103780
33360.2149535626
33360.2419103667
33360.2689535916
33360.2959103957
33360.3229535803
33360.3499103844
33360.3769535691
33360.4039103732
33360.4309535980
33360.4579103619
33360.4849535868
33360.5119103909
33360.5388671950
33360.5659103796
33360.5928671837
33360.6199103683
33360.6468671724
33360.6739103973
33360.7008672014
33360.7279103860
33360.7548671901
33360.7819103748
33360.8088671789
33360.8359103635
33360.8628671676
33360.8899103925
33360.9168671966
33360.9438240007
33360.9708671853
33360.9978239894
33361.0248671740
33361.0518239781
33361.0788671628
33361.1058239669
33361.1328671917
33361.1598239958
33361.1868671805
33361.2138239846
33361.2408671692
33361.2678239733
33361.2948671982
33361.3218239620
33361.3488671869
33361.3758239910
33361.4028671756
33361.4298239797
33361.4568671644
33361.4838239685
33361.5108671933
33361.5378239974
33361.5648671821
33361.5918239862
33361.6187807903
33361.6458239749
33361.6728671998
33361.6998239636
33361.7267807677
33361.7538239926
33361.7807807967
33361.8078239813
33361.8347807854
33361.8618239701
33361.8887807742
33361.9158239991
33361.9427807629
33361.9698239878
33361.9967807919
33362.0238239765
33362.0507807806
33362.0778239653
33362.1047807694
33362.1318239942
33362.1587807983
33362.1858239830
33362.2127807871
33362.2398239717
33362.2667807758
33362.2938240007
33362.3207807645
33362.3477375686
33362.3747807935
33362.4017375976
33362.4287807822
33362.4557375863
33362.4827807710
33362.5097375751
33362.5367807999
33362.5637375638
33362.5637375638
33362.5907807887
33362.6177375928
33362.6447807774
33362.6717375815
33362.6987807661
33362.7257375702
33362.7527807951
33362.7797375992
33362.8067807838
33362.8337375879
33362.8606943920
33362.8877375767
33362.9146943808
33362.9417375654
33362.9686943695
33362.9957375944
33363.0226943985
33363.0497375831
33363.0766943872
33363.1037375718
33363.1306943759
33363.1586879879
33363.1857311726
33363.2126879767
33363.2397312015
33363.2666879654
33363.2937311903
33363.3206879944
33363.3477311790
33363.3746879831
33363.4017311677
33363.4286879718
33363.4557311967
33363.8056511655
33363.8326943904
33363.8606879622
33363.8876447663
33363.9146879911
33363.9416447952
33363.9686879799
33363.9956447840
33364.0226879686
33364.0496447727
33364.0766879976
33364.1036447614
33364.1306879863
33364.1576447904
33364.1846879751
33364.2116447791
33364.2386879638
33364.2656447679
33364.2926015720
33364.3246559948
33364.3516127989
33364.3786559835
33364.4056127876
33364.4326559722
33364.4596127763
33364.4866560012
33364.5136127651
33364.5406559899
33364.5676127940
33364.5946559787
33364.6216127828
33364.6486559674
33364.6756127715
33364.7026559964
33364.7296128005
33364.7565695643
33364.7836127892
33364.8105695933
33364.8376127779
33364.8645695820
33364.8916127667
33364.9185695708
33364.9456127957
33364.9725695997
33364.9996127844
33365.0265695885
33365.0536127731
33365.0805695772
33365.1076127619
33365.1345695660
33365.1616127908
33365.1885695949
33365.2156127796
33365.2425695837
33365.2695263878
33365.2965695724
33365.3235263765
33365.3505696014
33365.3776127860
33365.4045695901
33365.4316127747
33365.4585695788
33365.4855263829
33365.5125695676
33365.5395263717
33365.5665695965
33365.5935264006
33365.6205695853
33365.6475263894
33365.6745695740
33365.7015263781
33365.7285695627
33365.7555263668
33365.7825695917
33365.8095263958
33365.8365695804
33365.8635263845